     623.066      43.5438      509.175      0.836507      -0.482936      -0.224216      0.129445
     625.820      42.5083      508.576      0.844325      -0.487462      -0.192673      0.111238
     628.465      41.3019      507.879      0.850933      -0.491277      -0.160996      0.0929494
     631.003      39.9260      507.085      0.856359      -0.49441      -0.129057      0.0745098
     633.414      38.3895      506.198      0.860588      -0.496851      -0.0969325      0.055963
     635.686      36.7014      505.223      0.863611      -0.498597      -0.0646772      0.0373407
     637.805      34.8715      504.167      0.865425      -0.499644      -0.0323394      0.0186708
     639.762      32.9082      503.033      0.866029      -0.499993      6.48084e-05      -3.74165e-05
     641.541      30.8272      501.832      0.865423      -0.499643      0.032415      -0.0187145
     643.136      28.6360      500.567      0.863607      -0.498594      0.0647345      -0.0373738
     644.539      26.3450      499.244      0.86058      -0.496847      0.0970014      -0.0560028
     645.741      23.9703      497.873      0.856349      -0.494404      0.129123      -0.074548
     646.733      21.5249      496.461      0.850921      -0.491271      0.161058      -0.0929852
     647.512      19.0238      495.017      0.844308      -0.487452      0.192746      -0.11128
     648.073      16.4763      493.546      0.836505      -0.482947      0.224202      -0.129441
     623.070      41.6161      512.248      0.8534      -0.45245      -0.228686      0.121243
     625.820      40.6275      511.578      0.861366      -0.456674      -0.196562      0.104212
     628.466      39.4740      510.796      0.86811      -0.460249      -0.164234      0.0870727
     631.003      38.1594      509.905      0.873644      -0.463183      -0.131662      0.0698038
     633.415      36.6906      508.909      0.877958      -0.465471      -0.0988835      0.0524254
     635.686      35.0775      507.815      0.881042      -0.467105      -0.0659826      0.0349823
     637.806      33.3283      506.629      0.882893      -0.468087      -0.0329866      0.0174886
     639.760      31.4537      505.358      0.883509      -0.468414      3.85065e-05      -2.04152e-05
     641.542      29.4622      504.008      0.88289      -0.468085      0.033086      -0.0175413
     643.137      27.3675      502.588      0.881036      -0.467102      0.0660637      -0.0350252
     644.540      25.1790      501.104      0.877949      -0.465466      0.098965      -0.0524687
     645.740      22.9105      499.566      0.873636      -0.463179      0.131718      -0.0698334
     646.733      20.5725      497.981      0.868096      -0.460242      0.164309      -0.0871123
     647.512      18.1821      496.360      0.861349      -0.456665      0.196637      -0.104252
     648.073      15.7483      494.710      0.853392      -0.452446      0.228715      -0.121258
     623.070      39.4647      515.187      0.869226      -0.421242      -0.232934      0.112884
     625.816      38.5284      514.448      0.877331      -0.42517      -0.200255      0.097047
     628.467      37.4364      513.578      0.884187      -0.428558      -0.16727      0.0810742
     631.002      36.2018      512.580      0.889733      -0.43147      -0.134093      0.0650273
     633.414      34.7975      511.496      0.894215      -0.433418      -0.100726      0.0488209
     635.685      33.2748      510.280      0.897298      -0.435059      -0.0672169      0.0325904
     637.804      31.6123      508.976      0.899215      -0.435908      -0.0336189      0.0162973
     639.760      29.8330      507.573      0.899849      -0.436202      3.35946e-05      -1.6285e-05
     641.541      27.9441      506.082      0.899218      -0.435896      0.0336922      -0.0163323
     643.136      25.9581      504.515      0.897331      -0.434982      0.0672682      -0.0326083
     644.539      23.8817      502.877      0.894186      -0.433457      0.100789      -0.0488577
     645.740      21.7298      501.179      0.889792      -0.431327      0.134154      -0.0650312
     646.733      19.5119      499.429      0.88415      -0.428592      0.167354      -0.0811248
     647.511      17.2460      497.641      0.877282      -0.425263      0.20026      -0.0970764
     648.073      14.9363      495.818      0.869173      -0.421332      0.232951      -0.112923
     623.071      37.1251      517.940      0.883805      -0.389738      -0.236827      0.104435
     625.819      36.2427      517.136      0.892057      -0.393364      -0.203572      0.0897677
     628.468      35.2076      516.201      0.899079      -0.39637      -0.170075      0.0749797
     631.004      34.0393      515.125      0.904781      -0.398962      -0.136331      0.060115
     633.415      32.7283      513.930      0.909256      -0.400909      -0.102403      0.0451514
     635.686      31.2896      512.616      0.912449      -0.402317      -0.0683347      0.0301302
     637.805      29.7301      511.191      0.914366      -0.403162      -0.0341796      0.0150705
     639.762      28.0560      509.662      0.915004      -0.403444      6.27546e-05      -2.76697e-05
     641.542      26.2807      508.040      0.914363      -0.403161      0.0342654      -0.0151083
     643.136      24.4133      506.334      0.912444      -0.402315      0.0684011      -0.0301594
     644.540      22.4597      504.549      0.909245      -0.400904      0.102499      -0.0451938
     645.739      20.4381      502.703      0.904782      -0.398937      0.136389      -0.0601367
     646.733      18.3511      500.796      0.899042      -0.396406      0.170166      -0.0750296
     647.512      16.2193      498.849      0.892056      -0.393325      0.20364      -0.0897889
     648.072      14.0484      496.865      0.883816      -0.389692      0.236861      -0.104437
     623.070      34.5718      520.541      0.897346      -0.357447      -0.240469      0.0957881
     625.819      33.7505      519.673      0.905723      -0.360784      -0.206691      0.0823329
     628.468      32.7924      518.660      0.912815      -0.363622      -0.172673      0.0687848
     631.002      31.7083      517.501      0.91859      -0.366037      -0.138442      0.0551658
     633.414      30.4904      516.210      0.923113      -0.367878      -0.103981      0.0414384
     635.686      29.1436      514.801      0.926392      -0.369082      -0.0693789      0.0276411
     637.805      27.6903      513.268      0.928342      -0.369846      -0.034702      0.0138251
     639.762      26.1312      511.622      0.92899      -0.370104      6.37138e-05      -2.53832e-05
     641.541      24.4783      509.876      0.928339      -0.369845      0.0347775      -0.0138551
     643.138      22.7386      508.036      0.926375      -0.369101      0.0694753      -0.0276814
     644.539      20.9221      506.118      0.923133      -0.367809      0.104034      -0.0414508
     645.740      19.0357      504.127      0.918594      -0.366001      0.138503      -0.0551843
     646.733      17.0942      502.077      0.912773      -0.363681      0.172752      -0.0688305
     647.512      15.1078      499.980      0.905678      -0.360854      0.206749      -0.0823763
     648.073      13.0852      497.845      0.89731      -0.35752      0.240485      -0.0958177
     623.068      31.8649      522.927      0.909589      -0.325013      -0.243777      0.0871062
     625.819      31.0894      522.017      0.918164      -0.327829      -0.209536      0.0748147
     628.468      30.2165      520.929      0.925312      -0.330531      -0.175037      0.0625252
     631.003      29.2096      519.701      0.931212      -0.332627      -0.140326      0.050124
     633.415      28.0857      518.328      0.935809      -0.334269      -0.105399      0.0376483
     635.688      26.8501      516.820      0.939097      -0.335443      -0.0703069      0.0251135
     637.805      25.5126      515.186      0.941068      -0.336147      -0.0351777      0.0125654
     639.761      24.0766      513.433      0.941726      -0.336382      5.28155e-05      -1.88656e-05
     641.542      22.5521      511.571      0.941065      -0.336146      0.035278      -0.0126012
     643.137      20.9496      509.614      0.93909      -0.33544      0.0704107      -0.0251505
     644.539      19.2753      507.569      0.935802      -0.334266      0.105462      -0.0376706
     645.740      17.5377      505.447      0.931201      -0.332623      0.140397      -0.0501495
     646.734      15.7471      503.261      0.925293      -0.330513      0.175155      -0.0625648
     647.511      13.9194      501.029      0.91811      -0.327947      0.209574      -0.0748592
     648.073      12.0554      498.752      0.909624      -0.324915      0.243785      -0.0870794
     623.070      28.9662      525.129      0.920769      -0.291868      -0.246739      0.0782122
     625.819      28.2773      524.154      0.929366      -0.294581      -0.212086      0.067225
     628.467      27.4742      523.014      0.936646      -0.296889      -0.177194      0.0561651
     631.003      26.5591      521.716      0.942617      -0.298781      -0.142044      0.0450238
     633.415      25.5368      520.265      0.947271      -0.300256      -0.106678      0.0338137
     635.686      24.4145      518.673      0.950597      -0.301311      -0.0711917      0.0225656
     637.805      23.1972      516.946      0.952594      -0.301944      -0.0355967      0.0112831
     639.761      21.8922      515.094      0.953259      -0.302154      4.75044e-05      -1.50575e-05
     641.541      20.5070      513.128      0.952591      -0.301943      0.03568      -0.0113095
     643.136      19.0492      511.060      0.950592      -0.301309      0.0712609      -0.0225876
     644.539      17.5264      508.899      0.947263      -0.300254      0.106753      -0.0338376
     645.741      15.9456      506.656      0.942603      -0.298777      0.142135      -0.0450527
     646.733      14.3199      504.349      0.936632      -0.296884      0.177267      -0.0561885
     647.512      12.6552      501.987      0.929348      -0.294575      0.212167      -0.0672505
     648.073      10.9617      499.584      0.920764      -0.291855      0.246771      -0.0782189
     623.070      25.9278      527.111      0.930698      -0.25846      -0.249407      0.0692615
     625.820      25.2946      526.098      0.93944      -0.260681      -0.214379      0.059487
     628.468      24.5917      524.893      0.946749      -0.262905      -0.179092      0.0497326
     631.002      23.7724      523.534      0.952782      -0.264568      -0.143595      0.0398733
     633.415      22.8573      522.013      0.957489      -0.265875      -0.107841      0.0299452
     635.686      21.8526      520.344      0.960851      -0.266809      -0.0719657      0.0199834
     637.806      20.7624      518.532      0.962871      -0.267369      -0.0359627      0.00998611
     639.761      19.5949      516.592      0.963542      -0.267556      4.80169e-05      -1.33333e-05
     641.541      18.3553      514.532      0.962867      -0.267368      0.0360588      -0.0100128
     643.137      17.0498      512.362      0.960845      -0.266807      0.0720419      -0.0200045
     644.539      15.6868      510.097      0.95748      -0.265872      0.107917      -0.0299664
     645.740      14.2729      507.748      0.952773      -0.264565      0.143656      -0.0398903
     646.734      12.8162      505.327      0.946731      -0.262888      0.179206      -0.0497618
     647.512      11.3277      502.853      0.939375      -0.260845      0.214449      -0.059548
     648.073      9.81127      500.333      0.930695      -0.258435      0.24944      -0.0692643
     623.070      22.7413      528.875      0.939448      -0.22458      -0.251752      0.0601825
     625.819      22.2012      527.810      0.948217      -0.226676      -0.216395      0.0517302
     628.466      21.5800      526.562      0.955618      -0.228554      -0.180796      0.0432408
     631.004      20.8580      525.146      0.961722      -0.229977      -0.144917      0.0346541
     633.415      20.0556      523.564      0.966468      -0.231112      -0.108852      0.0260299
     635.686      19.1737      521.826      0.969863      -0.231924      -0.0726285      0.0173677
     637.805      18.2180      519.942      0.9719      -0.232411      -0.0363181      0.00868479
     639.760      17.1932      517.922      0.972579      -0.232574      4.23885e-05      -1.01364e-05
     641.541      16.1051      515.777      0.971897      -0.232411      0.0364092      -0.00870657
     643.137      14.9603      513.520      0.969857      -0.231923      0.0727113      -0.0173875
     644.539      13.7641      511.162      0.966459      -0.23111      0.108929      -0.0260484
     645.741      12.5233      508.716      0.961708      -0.229974      0.14501      -0.0346763
     646.733      11.2457      506.197      0.955611      -0.228516      0.18088      -0.043254
     647.511      9.93990      503.623      0.948188      -0.226741      0.216446      -0.051759
     648.073      8.60889      500.999      0.939424      -0.224645      0.251779      -0.0602082
     623.069      19.4645      530.391      0.946905      -0.1907      -0.253757      0.0511048
     625.820      18.9836      529.297      0.955787      -0.192286      -0.218109      0.0438793
     628.467      18.4487      528.010      0.963264      -0.193838      -0.182223      0.0366688
     631.004      17.8332      526.545      0.969406      -0.195062      -0.146075      0.0293929
     633.413      17.1475      524.911      0.974189      -0.196025      -0.10974      0.0220818
     635.686      16.3934      523.112      0.977613      -0.196713      -0.0732149      0.0147322
     637.805      15.5761      521.164      0.979667      -0.197127      -0.0366084      0.00736627
     639.761      14.6999      519.075      0.98035      -0.197264      4.88545e-05      -9.83041e-06
     641.542      13.7692      516.856      0.979662      -0.197126      0.0367187      -0.00738847
     643.136      12.7912      514.524      0.977608      -0.196712      0.0732798      -0.0147452
     644.539      11.7684      512.085      0.974183      -0.196023      0.109793      -0.0220924
     645.740      10.7076      509.556      0.969393      -0.19506      0.146162      -0.0294104
     646.733      9.61571      506.953      0.963251      -0.193824      0.182305      -0.0366832
     647.512      8.49850      504.289      0.955763      -0.192317      0.218183      -0.0439024
     648.073      7.36099      501.577      0.946932      -0.19054      0.253784      -0.0510659
     623.070      16.0473      531.682      0.95321      -0.156175      -0.255439      0.0418515
     625.820      15.6660      530.550      0.96211      -0.157633      -0.219552      0.0359716
     628.465      15.2344      529.225      0.969617      -0.159006      -0.183451      0.0300839
     631.004      14.7256      527.719      0.975806      -0.160009      -0.147033      0.0241099
     633.414      14.1583      526.039      0.980622      -0.160787      -0.110453      0.0181103
     635.686      13.5359      524.192      0.984067      -0.161352      -0.0736983      0.0120839
     637.805      12.8611      522.189      0.986135      -0.161691      -0.0368501      0.00604209
     639.761      12.1374      520.042      0.986823      -0.161804      6.15124e-05      -1.00858e-05
     641.541      11.3699      517.764      0.986132      -0.16169      0.03693      -0.0060552
     643.138      10.5609      515.363      0.984059      -0.16135      0.0738014      -0.0121008
     644.540      9.71650      512.858      0.980611      -0.160785      0.11055      -0.0181263
     645.741      8.84126      510.260      0.975793      -0.159995      0.147133      -0.0241246
     646.733      7.93986      507.586      0.96961      -0.158981      0.183509      -0.0300889
     647.512      7.01689      504.847      0.962069      -0.157745      0.219644      -0.0360138
     648.073      6.07805      502.061      0.953182      -0.156288      0.255467      -0.0418874
     623.070      12.5769      532.713      0.958215      -0.121754      -0.256781      0.0326273
     625.819      12.2782      531.556      0.967158      -0.12289      -0.220717      0.028045
     628.466      11.9296      530.207      0.974733      -0.123852      -0.184412      0.023432
     631.004      11.5321      528.668      0.98095      -0.124642      -0.147814      0.0187817
     633.416      11.0883      526.950      0.985793      -0.125258      -0.11101      0.0141053
     635.686      10.6011      525.064      0.989254      -0.125697      -0.0740806      0.00941289
     637.805      10.0728      523.018      0.991332      -0.125961      -0.0370504      0.00470774
     639.761      9.50614      520.824      0.992024      -0.126049      4.94362e-05      -6.28151e-06
     641.541      8.90470      518.496      0.991329      -0.125961      0.0371372      -0.00471876
     643.136      8.27192      516.046      0.989248      -0.125697      0.0741587      -0.00942282
     644.540      7.61009      513.484      0.985779      -0.125256      0.111133      -0.0141209
     645.740      6.92503      510.832      0.980938      -0.124641      0.147889      -0.0187912
     646.733      6.21861      508.097      0.974719      -0.123851      0.184483      -0.0234409
     647.512      5.49622      505.300      0.967142      -0.122888      0.220788      -0.0280539
     648.073      4.76085      502.453      0.958208      -0.121753      0.256806      -0.0326305
     623.069      9.02944      533.494      0.961986      -0.0870588      -0.257798      0.0233305
     625.819      8.81381      532.319      0.970969      -0.08786      -0.22158      0.0200501
     628.466      8.56365      530.948      0.978572      -0.088548      -0.185139      0.0167526
     631.003      8.27851      529.385      0.98481      -0.0891125      -0.148415      0.0134297
     633.414      7.96009      527.640      0.989672      -0.0895524      -0.111478      0.0100873
     635.686      7.61014      525.722      0.99315      -0.0898671      -0.0743785      0.00673029
     637.806      7.23077      523.643      0.995237      -0.090056      -0.037184      0.00336467
     639.761      6.82410      521.414      0.995931      -0.0901188      5.58555e-05      -5.0542e-06
     641.541      6.39240      519.048      0.995233      -0.0900556      0.0372897      -0.00337424
     643.137      5.93821      516.559      0.993144      -0.0898666      0.0744572      -0.0067374
     644.539      5.46359      513.958      0.989665      -0.0895518      0.111545      -0.0100934
     645.740      4.97136      511.261      0.9848      -0.0891116      0.148485      -0.0134359
     646.733      4.46460      508.483      0.978559      -0.0885469      0.185203      -0.0167584
     647.512      3.94579      505.640      0.970948      -0.0878582      0.221671      -0.0200584
     648.073      3.41806      502.748      0.96198      -0.0870466      0.257824      -0.0233298
     623.071      5.43956      534.015      0.964507      -0.0522973      -0.258445      0.0140134
     625.818      5.31053      532.829      0.973503      -0.052785      -0.222172      0.0120466
     628.466      5.15979      531.443      0.981128      -0.0531985      -0.185622      0.0100648
     631.003      4.98804      529.864      0.987384      -0.0535377      -0.148803      0.00806837
     633.414      4.79623      528.100      0.992258      -0.053802      -0.11177      0.00606034
     635.685      4.58551      526.163      0.995744      -0.053991      -0.0745853      0.00404415
     637.804      4.35708      524.062      0.997836      -0.0541044      -0.037306      0.0020228
     639.762      4.11183      521.808      0.998533      -0.0541422      7.47242e-05      -4.05168e-06
     641.541      3.85197      519.418      0.997833      -0.0541043      0.0373809      -0.00202686
     643.136      3.57839      516.903      0.995739      -0.0539907      0.0746453      -0.0040474
     644.540      3.29230      514.272      0.992248      -0.0538014      0.111856      -0.00606501
     645.740      2.99601      511.548      0.987374      -0.0535371      0.148866      -0.00807178
     646.733      2.69064      508.741      0.981115      -0.0531978      0.185693      -0.0100686
     647.512      2.37838      505.870      0.97349      -0.0527843      0.22223      -0.0120497
     648.073      2.06019      502.944      0.964489      -0.0522963      0.258513      -0.014017
     623.068      1.81796      534.278      0.965756      -0.0174321      -0.258823      0.00467181
     625.819      1.77483      533.084      0.974777      -0.0175949      -0.222449      0.00401525
     628.467      1.72451      531.690      0.982413      -0.0177328      -0.185846      0.00335455
     631.004      1.66718      530.103      0.988676      -0.0178458      -0.148979      0.00268909
     633.414      1.60319      528.331      0.993555      -0.0179339      -0.111909      0.00201999
     635.685      1.53288      526.384      0.997044      -0.0179968      -0.0746889      0.00134815
     637.806      1.45656      524.270      0.99914      -0.0180347      -0.0373236      0.000673698
     639.760      1.37484      522.007      0.999837      -0.0180473      4.35765e-05      -7.86565e-07
     641.542      1.28799      519.602      0.999136      -0.0180346      0.0374486      -0.000675955
     643.137      1.19671      517.075      0.997039      -0.0179968      0.0747492      -0.00134924
     644.539      1.10129      514.432      0.993546      -0.0179337      0.111982      -0.0020213
     645.741      1.00231      511.692      0.988661      -0.0178455      0.149074      -0.00269081
     646.733     0.900460      508.871      0.982399      -0.0177325      0.185922      -0.00335594
     647.512     0.796117      505.982      0.974755      -0.0175945      0.222548      -0.00401703
     648.072     0.690083      503.046      0.965757      -0.0174321      0.258821      -0.00467177
     623.069     -1.81683      534.278      0.965759      0.01749      -0.258809      -0.00468708
     625.821     -1.77590      533.083      0.97478      0.0176768      -0.222429      -0.00403356
     628.465     -1.71741      531.691      0.982408      0.0177327      -0.185871      -0.00335501
     631.003     -1.65896      530.104      0.988674      0.0178339      -0.148991      -0.00268753
     633.414     -1.59499      528.331      0.993555      0.017922      -0.111909      -0.00201864
     635.686     -1.52470      526.383      0.997045      0.0179849      -0.0746765      -0.00134703
     637.805     -1.44848      524.271      0.99914      0.0180227      -0.037336      -0.000673476
     639.761     -1.36676      522.007      0.999837      0.0180353      5.60746e-05      1.01149e-06
     641.542     -1.28000      519.603      0.999136      0.0180226      0.0374486      0.000675506
     643.137     -1.18878      517.075      0.997039      0.0179848      0.0747492      0.00134834
     644.540     -1.09337      514.431      0.993544      0.0179218      0.112002      0.00202031
     645.739    -0.994688      511.697      0.988672      0.0178339      0.149008      0.00268783
     646.733    -0.892672      508.870      0.982395      0.0177207      0.185943      0.00335408
     647.512    -0.788536      505.984      0.974761      0.017583      0.22252      0.00401386
     648.073    -0.682469      503.045      0.965755      0.0174205      0.258828      0.0046688
     623.070     -5.43848      534.015      0.964499      0.0523548      -0.258465      -0.0140299
     625.820     -5.30448      532.828      0.973507      0.0527969      -0.222153      -0.0120482
     628.466     -5.15490      531.442      0.981128      0.0532221      -0.185616      -0.0100689
     631.003     -4.98304      529.863      0.987384      0.0535614      -0.14879      -0.00807125
     633.415     -4.79107      528.099      0.99226      0.0538259      -0.111744      -0.00606167
     635.685     -4.58039      526.162      0.995742      0.0540148      -0.0745852      -0.00404593
     637.806     -4.35167      524.060      0.997836      0.0541284      -0.0372749      -0.002022
     639.760     -4.10672      521.809      0.998532      0.0541661      4.35197e-05      2.36076e-06
     641.542     -3.84640      519.417      0.997831      0.0541281      0.0373997      0.00202878
     643.137     -3.57278      516.902      0.995737      0.0540146      0.0746516      0.00404954
     644.540     -3.28666      514.273      0.992248      0.0538253      0.111849      0.00606734
     645.741     -2.99008      511.547      0.987371      0.0535607      0.148879      0.00807607
     646.733     -2.68469      508.741      0.981114      0.0532213      0.185693      0.0100731
     647.512     -2.37222      505.869      0.973487      0.0528076      0.222236      0.0120554
     648.073     -2.05408      502.945      0.964492      0.0523196      0.258498      0.0140224
     623.070     -9.01752      533.494      0.961992      0.0870128      -0.257793      -0.0233175
     625.820     -8.81589      532.317      0.970962      0.0879533      -0.221572      -0.0200708
     628.467     -8.54737      530.949      0.978584      0.0884545      -0.185121      -0.0167332
     631.004     -8.28639      529.381      0.984799      0.0892781      -0.148388      -0.0134523
     633.416     -7.95262      527.638      0.989676      0.0895528      -0.111441      -0.010084
     635.684     -7.59531      525.725      0.993156      0.0897717      -0.0744102      -0.00672596
     637.807     -7.23754      523.639      0.995222      0.090235      -0.0371524      -0.00336854
     639.760     -6.80993      521.416      0.99594      0.0900233      4.34067e-05      3.92354e-06
     641.541     -6.39206      519.048      0.995224      0.090151      0.0372831      0.00337724
     643.136     -5.93054      516.561      0.993146      0.0898548      0.0744382      0.00673479
     644.539     -5.46641      513.956      0.989649      0.0897177      0.11155      0.0101127
     645.741     -4.96405      511.260      0.984798      0.0891114      0.148498      0.0134371
     646.733     -4.45765      508.484      0.978562      0.0885471      0.185189      0.0167572
     647.512     -3.93865      505.640      0.970948      0.0878582      0.221671      0.0200584
     648.073     -3.41093      502.748      0.96198      0.0870466      0.257824      0.0233298
     623.069     -12.5628      532.715      0.958222      0.121684      -0.25679      -0.0326097
     625.820     -12.2766      531.555      0.967154      0.122948      -0.220703      -0.0280566
     628.467     -11.9190      530.207      0.974741      0.123818      -0.184394      -0.0234229
     631.002     -11.5232      528.670      0.980949      0.124618      -0.14784      -0.0187814
     633.414     -11.0795      526.952      0.985793      0.125234      -0.111035      -0.0141057
     635.688     -10.5917      525.063      0.989258      0.125674      -0.0740623      -0.00940876
     637.806     -10.0636      523.018      0.991335      0.125938      -0.0370382      -0.00470528
     639.760     -9.49743      520.826      0.992027      0.126026      3.70359e-05      4.70499e-06
     641.541     -8.89581      518.496      0.991331      0.125937      0.0371436      0.00471866
     643.137     -8.26292      516.045      0.98925      0.125673      0.074178      0.00942346
     644.539     -7.60189      513.486      0.985785      0.125233      0.111114      0.0141158
     645.740     -6.91636      510.831      0.980939      0.124617      0.147903      0.0187894
     646.734     -6.20993      508.095      0.974718      0.123827      0.184504      0.0234391
     647.512     -5.48806      505.300      0.967145      0.122865      0.220789      0.0280487
     648.073     -4.75238      502.451      0.958205      0.121729      0.256828      0.0326271
     623.070     -16.0480      531.679      0.953198      0.156255      -0.255429      -0.0418718
     625.820     -15.6656      530.547      0.962098      0.157702      -0.219549      -0.0359874
     628.466     -15.2206      529.227      0.969631      0.158937      -0.183441      -0.0300687
     631.003     -14.7134      527.721      0.975814      0.15995      -0.147047      -0.0241032
     633.414     -14.1472      526.040      0.98063      0.16074      -0.110454      -0.018105
     635.685     -13.5251      524.194      0.984074      0.161304      -0.0737112      -0.0120824
     637.805     -12.8505      522.191      0.986142      0.161643      -0.0368626      -0.00604234
     639.761     -12.1269      520.043      0.986831      0.161756      5.53452e-05      9.0719e-06
     641.541     -11.3592      517.764      0.986139      0.161643      0.0369428      0.00605547
     643.138     -10.5508      515.364      0.984067      0.161303      0.073802      0.0120973
     644.540     -9.70690      512.860      0.98062      0.160738      0.110538      0.0181189
     645.740     -8.83177      510.262      0.975801      0.159948      0.147128      0.0241165
     646.733     -7.93047      507.586      0.969618      0.158935      0.18351      0.0300801
     647.512     -7.00705      504.845      0.96207      0.157698      0.219674      0.0360078
     648.073     -6.06881      502.060      0.953186      0.156241      0.255483      0.0418775
     623.069     -19.4463      530.396      0.946928      0.190586      -0.253763      -0.0510744
     625.820     -18.9829      529.295      0.955773      0.192355      -0.218106      -0.043895
     628.466     -18.4438      528.009      0.963257      0.193861      -0.182235      -0.0366757
     631.003     -17.8294      526.545      0.969397      0.195097      -0.146092      -0.0294019
     633.414     -17.1432      524.909      0.974182      0.19606      -0.109734      -0.0220845
     635.685     -16.3893      523.112      0.977605      0.196748      -0.0732266      -0.0147373
     637.805     -15.5718      521.163      0.979659      0.197162      -0.0366142      -0.00736881
     639.760     -14.6954      519.074      0.980343      0.1973      4.27269e-05      8.59903e-06
     641.542     -13.7646      516.855      0.979656      0.197161      0.0367123      0.00738855
     643.137     -12.7858      514.522      0.977599      0.196747      0.0732981      0.0147516
     644.540     -11.7626      512.083      0.974173      0.196058      0.109818      0.0221015
     645.741     -10.7018      509.554      0.969383      0.195094      0.14618      0.0294196
     646.734     -9.60941      506.950      0.963238      0.193857      0.182331      0.0366951
     647.512     -8.49282      504.288      0.955756      0.192351      0.218181      0.0439102
     648.073     -7.35419      501.574      0.946918      0.190572      0.25381      0.0510808
     623.069     -22.7397      528.872      0.939433      0.224636      -0.251755      -0.0601991
     625.819     -22.1993      527.807      0.948203      0.226733      -0.216392      -0.0517432
     628.466     -21.5687      526.564      0.95563      0.228509      -0.180792      -0.0432306
     631.003     -20.8500      525.147      0.961724      0.229966      -0.144924      -0.0346539
     633.414     -20.0476      523.565      0.96647      0.231101      -0.108859      -0.0260301
     635.685     -19.1663      521.828      0.969864      0.231912      -0.0726529      -0.0173726
     637.805     -18.2101      519.942      0.971903      0.2324      -0.0363243      -0.0086858
     639.762     -17.1844      517.920      0.972582      0.232562      7.27821e-05      1.74035e-05
     641.541     -16.0976      515.778      0.9719      0.232399      0.0363971      0.00870321
     643.136     -14.9526      513.520      0.96986      0.231911      0.0727053      0.0173852
     644.539     -13.7563      511.162      0.966462      0.231099      0.10893      0.0260471
     645.740     -12.5158      508.716      0.961711      0.229963      0.145004      0.034673
     646.733     -11.2380      506.197      0.955614      0.228505      0.180881      0.0432518
     647.512     -9.93179      503.622      0.948188      0.226729      0.216461      0.0517597
     648.073     -8.60135      500.999      0.939426      0.224634      0.25178      0.0602051
     623.070     -25.9164      527.113      0.930712      0.258415      -0.249403      -0.0692478
     625.818     -25.3000      526.091      0.939397      0.260815      -0.214395      -0.0595248
     628.466     -24.5811      524.896      0.946758      0.262858      -0.179113      -0.0497291
     631.004     -23.7619      523.535      0.952796      0.264535      -0.143572      -0.0398614
     633.415     -22.8471      522.014      0.957499      0.265841      -0.10783      -0.029938
     635.685     -21.8432      520.346      0.96086      0.266774      -0.0719784      -0.0199841
     637.805     -20.7533      518.534      0.96288      0.267335      -0.0359811      -0.00998981
     639.761     -19.5852      516.593      0.963552      0.267521      5.40396e-05      1.50036e-05
     641.542     -18.3449      514.531      0.962876      0.267333      0.0360895      0.0100199
     643.137     -17.0409      512.364      0.960855      0.266773      0.0720365      0.0200003
     644.539     -15.6775      510.098      0.957489      0.265838      0.107925      0.0299643
     645.741     -14.2638      507.748      0.952782      0.264531      0.143664      0.0398869
     646.733     -12.8086      505.330      0.946745      0.262855      0.179182      0.0497481
     647.512     -11.3192      502.854      0.939384      0.260811      0.214451      0.0595403
     648.073     -9.80296      500.334      0.930705      0.258401      0.249442      0.0692553
     623.069     -28.9545      525.133      0.920781      0.291811      -0.246763      -0.0782035
     625.818     -28.2675      524.156      0.929374      0.294547      -0.212101      -0.0672213
     628.467     -27.4642      523.016      0.936656      0.296855      -0.177196      -0.0561588
     631.003     -26.5496      521.718      0.942626      0.298747      -0.142058      -0.0450225
     633.415     -25.5275      520.268      0.947281      0.300222      -0.106691      -0.0338137
     635.685     -24.4054      518.675      0.950606      0.301276      -0.0712103      -0.0225687
     637.805     -23.1879      516.948      0.952605      0.301909      -0.035603      -0.0112837
     639.761     -21.8823      515.095      0.95327      0.30212      5.94209e-05      1.88323e-05
     641.542     -20.4971      513.129      0.952601      0.301908      0.0356984      0.0113139
     643.136     -19.0401      511.061      0.950603      0.301275      0.0712617      0.022585
     644.539     -17.5172      508.900      0.947273      0.30022      0.106761      0.0338357
     645.740     -15.9380      506.659      0.942617      0.298744      0.142112      0.0450395
     646.733     -14.3113      504.350      0.936642      0.29685      0.177269      0.0561821
     647.512     -12.6471      501.988      0.92936      0.294543      0.212163      0.0672408
     648.073     -10.9534      499.585      0.920775      0.291822      0.246774      0.07821
     623.069     -31.8406      522.940      0.909664      0.324819      -0.243777      -0.0870468
     625.818     -31.0997      522.003      0.918088      0.328038      -0.209525      -0.0748646
     628.467     -30.2069      520.931      0.925322      0.330498      -0.175045      -0.0625211
     631.004     -29.2014      519.701      0.931217      0.332616      -0.14032      -0.0501202
     633.415     -28.0775      518.329      0.935813      0.334258      -0.105394      -0.0376449
     635.686     -26.8432      516.821      0.939099      0.335431      -0.0703365      -0.0251231
     637.805     -25.5045      515.187      0.941073      0.336136      -0.035172      -0.0125629
     639.761     -24.0690      513.433      0.94173      0.336371      4.69299e-05      1.67626e-05
     641.541     -22.5457      511.573      0.94107      0.336135      0.0352484      0.0125902
     643.136     -20.9432      509.616      0.939096      0.33543      0.0703809      0.0251389
     644.540     -19.2661      507.568      0.935802      0.334254      0.105493      0.0376803
     645.740     -17.5300      505.448      0.931205      0.332612      0.140398      0.0501478
     646.733     -15.7408      503.263      0.925302      0.330503      0.17513      0.0625536
     647.512     -13.9111      501.028      0.918111      0.327935      0.209588      0.0748614
     648.073     -12.0475      498.752      0.909626      0.324904      0.243793      0.0870789
     623.069     -34.5700      520.536      0.897319      0.357511      -0.240469      -0.0958079
     625.818     -33.7488      519.669      0.905695      0.360848      -0.206697      -0.0823526
     628.468     -32.7894      518.656      0.912793      0.363677      -0.172669      -0.0687951
     631.003     -31.6976      517.503      0.918609      0.365994      -0.138433      -0.0551545
     633.415     -30.4770      516.215      0.923146      0.367801      -0.103961      -0.0414204
     635.686     -29.1372      514.800      0.926387      0.369093      -0.0693786      -0.0276419
     637.805     -27.6846      513.266      0.928333      0.369868      -0.0347017      -0.0138259
     639.762     -26.1254      511.620      0.928981      0.370126      6.37132e-05      2.53847e-05
     641.541     -24.4715      509.875      0.928334      0.369856      0.0347832      0.0138579
     643.137     -22.7318      508.038      0.926381      0.36909      0.0694579      0.0276735
     644.539     -20.9138      506.118      0.923136      0.367797      0.104046      0.0414544
     645.740     -19.0291      504.129      0.918601      0.365991      0.138485      0.0551753
     646.734     -17.0852      502.076      0.912773      0.363668      0.172778      0.0688385
     647.512     -15.0987      499.979      0.905677      0.360841      0.206776      0.0823842
     648.073     -13.0745      497.842      0.8973      0.357504      0.24054      0.0958363
     623.068     -37.1140      517.946      0.883823      0.38967      -0.236872      -0.104435
     625.819     -36.2318      517.140      0.892079      0.39331      -0.203583      -0.0897582
     628.466     -35.2025      516.200      0.899066      0.39639      -0.170091      -0.0749915
     631.003     -34.0298      515.129      0.904798      0.398918      -0.136351      -0.0601161
     633.415     -32.7195      513.931      0.909266      0.400888      -0.102398      -0.0451464
     635.686     -31.2813      512.617      0.912458      0.402295      -0.0683412      -0.030131
     637.805     -29.7213      511.192      0.914376      0.40314      -0.0341743      -0.0150671
     639.761     -28.0485      509.664      0.915014      0.403422      4.55985e-05      2.0104e-05
     641.541     -26.2733      508.042      0.914373      0.403139      0.0342485      0.0150999
     643.136     -24.4057      506.336      0.912455      0.402293      0.0683902      0.0301526
     644.539     -22.4530      504.552      0.909258      0.400884      0.102476      0.0451809
     645.740     -20.4282      502.702      0.904787      0.398913      0.136421      0.0601468
     646.734     -18.3424      500.796      0.899049      0.396383      0.17018      0.0750311
     647.512     -16.2106      498.849      0.892063      0.393303      0.203655      0.0897896
     648.072     -14.0406      496.866      0.883825      0.389671      0.236864      0.104431
     623.070     -39.4635      515.179      0.869186      0.421326      -0.232923      -0.112906
     625.820     -38.5256      514.439      0.877301      0.425259      -0.200199      -0.0970434
     628.467     -37.4312      513.576      0.884172      0.42859      -0.167261      -0.0810774
     631.003     -36.1844      512.592      0.889808      0.431322      -0.134086      -0.0649965
     633.414     -34.7923      511.493      0.894199      0.43345      -0.100724      -0.0488246
     635.686     -33.2619      510.285      0.897341      0.434973      -0.0672033      -0.0325758
     637.805     -31.6034      508.977      0.899226      0.435887      -0.033608      -0.016291
     639.760     -29.8256      507.574      0.899854      0.436191      2.79707e-05      1.35584e-05
     641.542     -27.9358      506.082      0.899223      0.435885      0.0337038      0.0163374
     643.136     -25.9505      504.516      0.897336      0.434971      0.0672686      0.0326075
     644.540     -23.8726      502.876      0.894189      0.433445      0.100813      0.0488679
     645.741     -21.7215      501.179      0.889796      0.431316      0.134167      0.0650353
     646.733     -19.5044      499.429      0.884155      0.428581      0.167355      0.0811228
     647.512     -17.2381      497.641      0.877285      0.425252      0.200268      0.097077
     648.072     -14.9298      495.819      0.869181      0.421323      0.232939      0.112914
     623.071     -41.6080      512.249      0.853408      0.452442      -0.228676      -0.121234
     625.822     -40.6189      511.578      0.861377      0.456666      -0.19654      -0.104198
     628.467     -39.4660      510.797      0.868117      0.46024      -0.16423      -0.0870678
     631.003     -38.1514      509.905      0.87365      0.463173      -0.131657      -0.0697993
     633.414     -36.6834      508.910      0.877963      0.465459      -0.0988952      -0.0524301
     635.687     -35.0693      507.816      0.881048      0.467095      -0.065972      -0.0349756
     637.805     -33.3209      506.630      0.882899      0.468076      -0.0329923      -0.0174912
     639.761     -31.4458      505.359      0.883515      0.468403      4.40288e-05      2.33422e-05
     641.542     -29.4539      504.008      0.882895      0.468074      0.0330974      0.0175468
     643.136     -27.3614      502.589      0.881043      0.467093      0.0660415      0.0350125
     644.539     -25.1718      501.105      0.877955      0.465455      0.0989599      0.0524644
     645.739     -22.9055      499.568      0.873646      0.463171      0.131684      0.0698132
     646.733     -20.5659      497.982      0.868104      0.460233      0.164298      0.0871039
     647.512     -18.1752      496.361      0.861356      0.456655      0.196632      0.104246
     648.073     -15.7395      494.709      0.853393      0.452433      0.228735      0.121266
     623.070     -43.5394      509.167      0.836479      0.483013      -0.224158      -0.129437
     625.819     -42.5055      508.569      0.844282      0.487532      -0.19267      -0.111257
     628.466     -41.3017      507.866      0.850859      0.491411      -0.160971      -0.0929681
     631.005     -39.9198      507.080      0.85634      0.494454      -0.129026      -0.0745002
     633.414     -38.3840      506.195      0.86057      0.496882      -0.0969305      -0.0559665
     635.686     -36.6958      505.221      0.863593      0.498628      -0.0646758      -0.037343
     637.805     -34.8658      504.164      0.865407      0.499675      -0.0323387      -0.018672
     639.760     -32.9041      503.032      0.866011      0.500024      3.77439e-05      2.17929e-05
     641.542     -30.8203      501.829      0.865404      0.499673      0.0324307      0.0187251
     643.136     -28.6297      500.564      0.863588      0.498625      0.0647387      0.0373793
     644.539     -26.3402      499.243      0.860564      0.496879      0.0969825      0.0559965
     645.740     -23.9650      497.871      0.856333      0.494436      0.129109      0.074546
     646.733     -21.5200      496.460      0.850907      0.491303      0.161037      0.0929808
     647.512     -19.0174      495.015      0.84429      0.487483      0.192742      0.111287
     648.073     -16.4709      493.545      0.836491      0.482979      0.224185      0.129442
     639.771   0.00447856      522.019      1      -1.19842e-05      0.000256089      -3.06903e-09
