 0.970853 -0.342138  0.797857  0.806913   -0.2961 -0.314005  0.403258
 0.914668 -0.288816  0.733414    0.8162  -0.26553 -0.297626  0.418008
 0.855333 -0.234301  0.676344  0.823914 -0.234803 -0.281924  0.431917
 0.790507 -0.179469  0.624613  0.830548 -0.203513 -0.265586  0.445237
 0.722344 -0.125038  0.579686  0.835814 -0.172277 -0.249294  0.457807
  0.650575 -0.0691879   0.541375   0.839885  -0.140177  -0.233224   0.469627
  0.574563 -0.0174867    0.50887   0.842794  -0.108985  -0.215834   0.480871
  0.496952  0.0350168   0.483822   0.844409 -0.0772747  -0.199149   0.491266
  0.416496  0.0851368   0.465046   0.844858 -0.0458018  -0.181887   0.501034
  0.334689   0.135101   0.453402   0.844142 -0.0139005  -0.165011   0.509904
 0.250202   0.18209  0.447975   0.84228 0.0178026 -0.147324  0.518212
 0.164898  0.230417  0.450392  0.839164 0.0506518 -0.130388  0.525582
0.0795178  0.270494  0.457778   0.83508 0.0811368 -0.112179  0.532423
-0.0050346   0.309403   0.472062   0.829848   0.111754 -0.0945411   0.538446
-0.0891528   0.349057    0.49405   0.823536   0.143464 -0.0776376   0.543304
 0.937898 -0.390802  0.776517  0.825361  -0.29685 -0.298288  0.376409
 0.884542 -0.331461  0.714019   0.83475 -0.265059 -0.283364  0.390693
 0.827009 -0.272427  0.658258   0.84269   -0.2335 -0.268299  0.404187
 0.765862 -0.212875  0.609289  0.849233 -0.201794 -0.253359  0.417003
 0.700631 -0.152024  0.566559  0.854558 -0.169368 -0.238412   0.42919
 0.632082 -0.092982  0.530469   0.85859 -0.137392 -0.223075  0.440663
  0.559564 -0.0341715   0.500624   0.861456  -0.104979  -0.207311   0.451548
  0.485198   0.023611   0.477856   0.863023 -0.0726836  -0.191716   0.461686
  0.407543  0.0801666   0.461487   0.863441 -0.0401457  -0.175613   0.471188
   0.328848    0.134756    0.452026    0.862612 -0.00792433   -0.159607    0.479963
 0.247109  0.187257  0.448892   0.86064 0.0244822  -0.14285  0.488152
 0.166411    0.2429  0.454431  0.857309 0.0583661 -0.127877   0.49524
0.0846296  0.293061  0.465893   0.85293  0.091102 -0.111971  0.501671
0.00267401    0.33195   0.480551   0.847692   0.120384 -0.0940957   0.508008
-0.0775963   0.376044   0.504427   0.841141   0.152212 -0.0784016   0.512997
 0.900733 -0.436071  0.754441  0.842944 -0.296729 -0.282056  0.349059
 0.850803 -0.373191  0.694613   0.85228 -0.264713 -0.268337  0.362686
 0.796679 -0.309066  0.641063  0.860219 -0.232379 -0.254591  0.375776
 0.738808 -0.243474  0.594076  0.866786 -0.199553  -0.24099   0.38831
 0.676951 -0.178478  0.553605  0.872221 -0.166709 -0.227051  0.399858
 0.611195 -0.114867  0.519379  0.876203 -0.134199 -0.212466  0.411238
  0.543317 -0.0505346   0.492407   0.879036  -0.101178  -0.198356    0.42156
  0.472168  0.0127082   0.471784   0.880577 -0.0681023  -0.183797   0.431469
  0.398612  0.0748223   0.457996   0.880898 -0.0349299  -0.169055   0.440703
   0.323321    0.134298    0.450722    0.879984 -0.00222106   -0.154022    0.449334
 0.245458  0.193238  0.450323  0.877863 0.0311484 -0.138717  0.457322
  0.16765  0.248961  0.456637  0.874546  0.063826 -0.123504  0.464587
0.0917156  0.311134  0.472814  0.869785  0.099343 -0.110905  0.470431
  0.012021    0.35366   0.489213   0.864419   0.128788 -0.0934983   0.476918
-0.0646276   0.403616   0.515836    0.85763   0.161514 -0.0791518   0.481786
 0.860894 -0.478438  0.733312  0.859175  -0.29649 -0.265766  0.321372
 0.814154 -0.411295  0.675293  0.868609 -0.263763 -0.253155  0.334454
 0.763032 -0.343059  0.623605  0.876726 -0.230747 -0.240354  0.346897
 0.709272 -0.273366  0.579066  0.883299 -0.197516  -0.22805  0.358836
  0.65167 -0.202684  0.540947  0.888633 -0.163787 -0.215604  0.370162
 0.589484 -0.133898  0.508931  0.892735 -0.130428  -0.20216  0.380977
  0.525083 -0.0659123    0.48393    0.89548 -0.0972359  -0.188793   0.391175
  0.458028 0.00269675   0.465718   0.896983 -0.0634178  -0.175502   0.400748
  0.389206  0.0701035   0.454563   0.897203 -0.0296645  -0.162246   0.409661
 0.317194  0.135061  0.449578  0.896222  0.003923 -0.148167  0.418111
 0.243361  0.196166  0.450924   0.89399 0.0366979 -0.133482  0.426167
 0.169941  0.260821  0.460826  0.890454 0.0714317 -0.120312  0.433029
0.0989716  0.326545  0.479119  0.885553  0.106883 -0.108876   0.43877
   0.02295    0.37473   0.498028   0.879982   0.137129 -0.0927962   0.445214
-0.0500317   0.427662   0.526213   0.873019   0.169721 -0.0792016   0.450288
 0.816905 -0.518275  0.711789    0.8745 -0.295834 -0.248668   0.29308
 0.773823 -0.447263  0.655861   0.88395  -0.26255 -0.237227  0.305651
 0.727207 -0.374421  0.606562  0.892006 -0.228881 -0.225958  0.317618
 0.677734 -0.300099  0.564261  0.898595 -0.194938  -0.21501  0.329085
 0.624213 -0.225786  0.528297  0.903937 -0.160902 -0.203602  0.339932
 0.567054 -0.151689  0.498888  0.908017 -0.126772  -0.19181  0.350205
  0.506754 -0.0785489   0.476045   0.910763 -0.0927673  -0.179632    0.36005
   0.445156 -0.00529643    0.460579    0.912137  -0.0585746   -0.167946    0.369283
    0.3791  0.0655434   0.451024   0.912371 -0.0245228  -0.154998   0.378093
 0.311774  0.136577  0.448847  0.911262 0.0100806 -0.142434   0.38628
 0.249066  0.217439  0.457884  0.908459 0.0482818  -0.13412  0.392916
  0.17506  0.273611  0.465729  0.905169 0.0790982 -0.117901   0.40064
 0.104679  0.333493  0.482242  0.900449  0.111527 -0.104315  0.407274
0.0354001  0.394195  0.506637  0.894441  0.145011 -0.091827  0.412936
-0.0332565   0.451667   0.537145    0.88726   0.178109 -0.0794841   0.418007
 0.770458  -0.55422  0.691003   0.88852 -0.294774 -0.231484  0.264681
 0.731819 -0.479148  0.637223  0.898052 -0.260775 -0.221569  0.276415
 0.689791 -0.402463  0.590206  0.906074 -0.226609 -0.211678  0.287871
 0.643413 -0.325369  0.549457  0.912789 -0.192379 -0.201244  0.298845
 0.593617 -0.247292  0.515301  0.918188 -0.157816 -0.190675  0.309301
  0.54183 -0.168366  0.488445  0.922174 -0.123016 -0.180504  0.319186
  0.486863 -0.0898853   0.468272   0.924853 -0.0881577  -0.169978   0.328609
  0.430182 -0.0123765   0.455138   0.926168 -0.0534859  -0.159559   0.337479
  0.368762  0.0624801   0.447827   0.926318 -0.0190772  -0.147713   0.346052
 0.306493  0.137122  0.447914  0.925125 0.0156651 -0.136322  0.353998
 0.252108  0.225865  0.460928  0.922042 0.0554303 -0.130984  0.360014
 0.183497  0.289609  0.472197  0.918524 0.0878044  -0.11682  0.367365
 0.115011  0.349525   0.48942  0.913847  0.119345 -0.102714  0.374286
 0.0494932   0.412225    0.51505   0.907738   0.152493 -0.0907347   0.380165
-0.0143447   0.474802   0.548354   0.900314   0.186428 -0.0798508   0.385101
 0.721885 -0.586418  0.671017  0.901408 -0.293252 -0.214385  0.235596
 0.687464 -0.508321  0.619211  0.910901 -0.258904 -0.205585  0.246908
 0.648587 -0.428688   0.57355  0.919094 -0.224236 -0.196295  0.257784
 0.607787 -0.347265  0.535234  0.925777  -0.18933  -0.18758  0.268152
 0.563525 -0.265188  0.503555  0.931111 -0.154267 -0.178586  0.278101
 0.515987 -0.182361  0.478573   0.93512 -0.118859  -0.16935  0.287652
  0.465507  -0.100432   0.460444   0.937782 -0.0836357  -0.159765   0.296723
  0.413746 -0.0187293    0.44955   0.939062 -0.0483581  -0.150535   0.305228
  0.359843  0.0619433   0.445587   0.939014 -0.0130875  -0.141152     0.3133
 0.301062  0.138078  0.447039  0.937799 0.0212564 -0.129949  0.321239
 0.250266  0.226643  0.460877  0.934717 0.0601792 -0.124439  0.327404
 0.189804  0.298216  0.476071  0.930929 0.0940606 -0.113321  0.334189
 0.125141  0.362197  0.495363  0.926137  0.126122 -0.100067  0.341102
 0.0651535   0.430042   0.523847   0.919805   0.160115 -0.0897439   0.346796
0.00509713   0.495218     0.5588    0.91224   0.194127 -0.0794671   0.351879
 0.670186 -0.615387   0.65142  0.913105 -0.291514 -0.196632  0.206385
 0.639671  -0.53385  0.600992  0.922791 -0.256379  -0.18888  0.216912
 0.606966 -0.450771  0.558005  0.930816 -0.221341 -0.181457  0.227294
 0.570784  -0.36636  0.521571  0.937515 -0.186045 -0.173809  0.237157
 0.530787 -0.281172   0.49167   0.94289 -0.150538 -0.165672  0.246677
 0.488716 -0.195068   0.46894   0.94685 -0.114786 -0.157756  0.255758
  0.443894  -0.108832   0.453099   0.949465 -0.0788514   -0.14964     0.2644
  0.397673 -0.0242684   0.444458   0.950658 -0.0434451  -0.141623   0.272589
   0.349149   0.0597098    0.442698    0.950545 -0.00786044   -0.133411    0.280364
 0.303054  0.149053  0.450006  0.948859 0.0299804 -0.127601  0.287202
 0.244884  0.223549  0.459243  0.946384 0.0636065 -0.115786  0.294796
 0.193717  0.303609  0.478615  0.942257 0.0994114 -0.108117  0.300965
 0.135804  0.373243  0.500838  0.937242  0.132433 -0.097023  0.307614
 0.0818077   0.446274   0.532422   0.930657   0.167436 -0.0884686   0.313076
 0.0254418   0.513771   0.568899    0.92295   0.201516 -0.0787158   0.318369
 0.616281 -0.640102  0.632335  0.923683 -0.289185 -0.178687  0.176786
 0.591087  -0.55605  0.584149  0.933254 -0.253801 -0.172376  0.186838
 0.562751 -0.470205  0.542711  0.941366 -0.218263 -0.165939   0.19661
 0.531647 -0.383151  0.508214  0.948066 -0.182633  -0.15949  0.205862
 0.497946 -0.293768  0.480586  0.953409  -0.14632 -0.153121   0.21484
 0.459525 -0.205497  0.459377  0.957412 -0.110361 -0.145592  0.223575
  0.421979  -0.116517   0.446226   0.959875 -0.0743464  -0.139385     0.2317
  0.380144 -0.0289599   0.439354   0.961068 -0.0385033  -0.132076   0.239628
   0.336255   0.0573934    0.439282     0.96092 -0.00277528   -0.124575    0.247197
 0.299544  0.151621  0.449951  0.959004  0.035878 -0.121596  0.253454
 0.252176  0.235345  0.463979  0.956134 0.0717639 -0.113823  0.260196
 0.197291   0.30758  0.480618  0.952435  0.104244 -0.102345  0.267442
  0.149742   0.385441   0.507445   0.947052   0.139201 -0.0950334   0.273284
 0.0992687   0.460923   0.540708   0.940342   0.174481 -0.0868317    0.27888
  0.049412   0.532848   0.580175   0.932359   0.209361 -0.0789467   0.283974
 0.560854 -0.661224   0.61446  0.932922 -0.286717 -0.160598  0.147167
 0.539763 -0.574409  0.567329  0.942659 -0.250649 -0.155224  0.156446
 0.516508  -0.48686  0.528012  0.950733 -0.215009 -0.149972  0.165487
 0.490849 -0.397051  0.495361  0.957413 -0.178923 -0.144806  0.174291
 0.462689  -0.30551  0.469611  0.962713 -0.142424 -0.139628  0.182764
 0.431076 -0.214327  0.450764  0.966622 -0.106117 -0.133839  0.190966
  0.398925  -0.122836   0.439457   0.969057 -0.0697898  -0.128685   0.198742
  0.362668 -0.0323723   0.434615     0.9702 -0.0335268   -0.12252    0.20634
    0.3262  0.0580601   0.437191   0.969921 0.00293567  -0.117003   0.213434
 0.286668   0.14661  0.446411  0.968308 0.0392437 -0.110778  0.220381
 0.252837  0.239505  0.465454  0.964997 0.0774792 -0.107949   0.22611
  0.203739   0.315435   0.484462   0.961169   0.110512 -0.0978787   0.233157
   0.16227   0.396494    0.51369   0.955614    0.14596 -0.0919753   0.238828
  0.117358   0.474036   0.548648   0.948789   0.181242 -0.0848756   0.244433
 0.0740481   0.547607   0.589596   0.940751   0.215849 -0.0784795   0.249475
 0.503103 -0.677953  0.596982    0.9411 -0.283632 -0.142117  0.116985
  0.48736 -0.589724   0.55191  0.950716 -0.247524 -0.138011  0.125792
 0.470657 -0.499405  0.514419  0.958737 -0.211349 -0.134547   0.13436
 0.449508 -0.407042   0.48309  0.965516 -0.174662  -0.13021  0.142539
 0.426156 -0.314393  0.459131   0.97077 -0.138234 -0.125812  0.150563
 0.401386 -0.221089  0.442482  0.974577  -0.10174 -0.121681  0.158248
  0.374966  -0.127196   0.433013   0.976983 -0.0650273  -0.117674   0.165617
  0.345623 -0.0336748   0.430421   0.978028   -0.02824  -0.113172   0.172786
     0.316  0.0585787   0.435108   0.977646 0.00826709  -0.109156   0.179513
 0.284809  0.151381  0.447186  0.975851 0.0454994 -0.105223  0.185937
  0.247154   0.237639   0.464052   0.972935  0.0809812 -0.0987513    0.19258
  0.211209   0.322292    0.48809    0.96864   0.116386 -0.0934365   0.198647
  0.175368   0.405521   0.519215   0.962967   0.152079 -0.0886103   0.204244
  0.137441   0.485573   0.556389   0.955999   0.187607 -0.0831987   0.209637
  0.100446   0.561906   0.599713   0.947761   0.222666 -0.0783194   0.214556
 0.444877 -0.690459  0.580856  0.947932 -0.280265 -0.123742 0.0869744
 0.434425 -0.600718  0.537432  0.957525 -0.243899  -0.12091 0.0950831
 0.422686 -0.508612  0.501278  0.965609 -0.207305 -0.118485  0.102889
 0.408081 -0.414597  0.471939  0.972283  -0.17044 -0.115742  0.110545
 0.389853 -0.319992  0.449523  0.977551 -0.133621 -0.112284  0.118036
  0.370576  -0.225516    0.43457   0.981306 -0.0971031  -0.109136   0.125294
  0.351386  -0.129634     0.4272   0.983621 -0.0601124  -0.106833   0.132145
  0.328485 -0.0346247   0.426482   0.984595 -0.0232401  -0.103627   0.138902
  0.30379 0.0592067  0.432727  0.984177 0.0134551 -0.100276  0.145463
 0.289435  0.160179  0.450118  0.981853 0.0530652  -0.10231  0.150604
  0.248367   0.241796   0.465581   0.979279  0.0864292 -0.0926846   0.157966
   0.21986   0.329679   0.492297   0.974788   0.122559 -0.0892266   0.163724
  0.190239   0.413567    0.52469    0.96908   0.157928 -0.0855487   0.169187
  0.158124   0.495471   0.563754   0.961983   0.193667 -0.0812895   0.174568
   0.12673   0.573367   0.608722   0.953635    0.22885 -0.0774809   0.179456
 0.384676 -0.699046  0.565612  0.953562 -0.276611 -0.104839 0.0567052
 0.379596 -0.608023  0.523592  0.963142 -0.239969  -0.10324 0.0641449
 0.373287 -0.514717  0.488943  0.971208 -0.203134 -0.101989 0.0713385
 0.363777 -0.419841  0.461115  0.977854 -0.166184  -0.10015  0.078445
  0.353437  -0.323691   0.440752   0.983004  -0.129138 -0.0987366  0.0853135
  0.339794  -0.227371   0.427333   0.986754 -0.0921846 -0.0966346  0.0920877
  0.326714   -0.13016   0.421615   0.989011 -0.0549922  -0.095495  0.0985542
   0.31102 -0.0341007   0.422879   0.989881 -0.0181026 -0.0938653   0.104869
  0.292582  0.0609248   0.430818   0.989394  0.0186945 -0.0916745   0.111112
  0.271989   0.154838   0.445708   0.987536    0.05553 -0.0891622   0.117213
  0.250951   0.245941    0.46736   0.984324  0.0917931 -0.0869078   0.122992
  0.227001   0.335014   0.495454   0.979781   0.128053 -0.0839371   0.128783
  0.205469   0.422159   0.530863   0.973792   0.164349 -0.0823768    0.13391
  0.179829   0.504545   0.571278   0.966647   0.199806 -0.0793879   0.139172
  0.153302   0.582811   0.617282   0.958269   0.234726 -0.0762877   0.144238
  0.324587  -0.702509   0.551351   0.957994  -0.272269 -0.0861261   0.026441
  0.325025  -0.610536    0.51071   0.967541  -0.235371 -0.0858125  0.0331717
  0.323896  -0.516972   0.477595   0.975532  -0.198588 -0.0855679  0.0397395
  0.319731  -0.421361   0.451194   0.982137  -0.161512 -0.0847242  0.0462947
  0.315985  -0.324567   0.432499   0.987205  -0.124407 -0.0847558  0.0525889
  0.309537  -0.226863   0.420855   0.990879 -0.0871274 -0.0843122  0.0588086
  0.302531  -0.129471   0.416703   0.993073 -0.0500524 -0.0842537  0.0648188
  0.292881 -0.0325074   0.419456   0.993888 -0.0130199 -0.0836879  0.0708093
  0.290544    0.06854   0.431693   0.992984  0.0258483 -0.0868977  0.0759139
 0.267224  0.157881  0.445679  0.991393  0.060673 -0.081589 0.0824795
  0.252453   0.250029   0.468938   0.988097   0.097091 -0.0804871  0.0880922
  0.235406   0.340132   0.498794   0.983457   0.133476 -0.0789341  0.0936272
 0.219506  0.427424  0.535384  0.977432   0.16957 -0.078251 0.0987363
  0.202322   0.511945   0.578468   0.970039   0.205634 -0.0774504   0.103635
  0.182343   0.591018   0.626135   0.961552   0.240574 -0.0757608    0.10864
   0.262963   -0.702269    0.538351    0.961139   -0.267823  -0.0668397 -0.00389566
  0.269042  -0.609889   0.499046   0.970635  -0.230789 -0.0678162 0.00214249
  0.273384  -0.515379   0.466978   0.978632  -0.193643 -0.0686785 0.00809136
  0.276457  -0.419533   0.442328   0.985115  -0.156549 -0.0696175  0.0139371
  0.279161  -0.322382   0.425174   0.990116  -0.119342 -0.0710057  0.0196512
  0.278899  -0.224809   0.414979   0.993708  -0.082198 -0.0717219  0.0253846
  0.276774  -0.126812   0.411991   0.995889 -0.0449328 -0.0722443  0.0310928
  0.274553 -0.0295331   0.416453   0.996609 -0.0078576 -0.0732839  0.0365796
   0.26899  0.0666093   0.427596   0.995982  0.0290282 -0.0734799  0.0421706
  0.262339   0.161181   0.445655    0.99397  0.0657138 -0.0737433  0.0476243
  0.253615   0.254348   0.470523   0.990587   0.102438 -0.0736788  0.0530599
  0.244627   0.344532    0.50204   0.985852    0.13869 -0.0739554  0.0582374
 0.234054  0.432384  0.540032  0.979748   0.17491 -0.074057  0.063364
  0.222465   0.516631   0.584109   0.972338   0.210696 -0.0741578  0.0683192
  0.211117   0.595519   0.633129     0.9638   0.245338 -0.0746453   0.072989
  0.201526  -0.697173   0.526541   0.963063   -0.26281 -0.0475774 -0.0342947
  0.212295  -0.604899    0.48827   0.972503  -0.225744 -0.0494104 -0.0289088
  0.223585  -0.510395   0.457652   0.980409  -0.188522   -0.05199 -0.0235635
  0.232872  -0.414841   0.434373     0.9868  -0.151477 -0.0542576 -0.0183689
  0.241232   -0.31802    0.41842   0.991739  -0.114331 -0.0566455 -0.0131762
   0.246969   -0.220284    0.409507     0.99528   -0.077056    -0.05845 -0.00793498
  0.252145  -0.122936   0.408034   0.997359 -0.0400083 -0.0605466 -0.0027347
   0.255555  -0.0257093    0.413636    0.998042 -0.00290636  -0.0624299  0.00242414
  0.256673  0.0713893    0.42638   0.997333  0.0344162 -0.0639064 0.00770066
   0.25725   0.165338   0.445865    0.99524  0.0708821 -0.0656465  0.0127795
  0.256164   0.258161   0.472218   0.991771    0.10748 -0.0672218  0.0178686
  0.254506    0.34869   0.505373   0.986915   0.143917 -0.0690468  0.0227702
   0.25211   0.436111   0.544915   0.980715    0.17997 -0.0710504  0.0275654
  0.245483   0.519758   0.589738   0.973321   0.215469 -0.0717913  0.0326395
  0.239983    0.59943   0.640628   0.964608   0.250504 -0.0733997  0.0372968
  0.141021  -0.687876   0.516245   0.963696  -0.257497 -0.0285431 -0.0645834
  0.156789  -0.595864      0.479   0.973072  -0.220356 -0.0313736 -0.0599199
  0.174272  -0.501942   0.449468   0.980891  -0.183152 -0.0353513 -0.0553076
  0.189091  -0.406822   0.427243   0.987216  -0.146093 -0.0386358 -0.0506789
  0.203862   -0.31064   0.412561   0.992071  -0.108992 -0.0423446 -0.0460795
  0.216216  -0.213511   0.404932   0.995525 -0.0717687 -0.0454833 -0.0413676
  0.227652  -0.116232   0.404646   0.997544   -0.03455 -0.0487107 -0.0366051
  0.237525 -0.0199833    0.41152   0.998147 0.00234571   -0.05179 -0.0318563
  0.246763  0.0763711   0.425636   0.997329  0.0395657  -0.055085 -0.0270963
  0.253313    0.16974   0.446358   0.995186  0.0759579 -0.0578041  -0.022228
 0.259395   0.26208  0.474083   0.99163  0.112543 -0.060823 -0.017446
  0.263424    0.35162   0.508137   0.986759   0.148706 -0.0635084 -0.0126187
   0.268715    0.437975    0.548847    0.980497    0.184507  -0.0672061 -0.00812677
  0.269465   0.521582   0.595294   0.972977   0.220149 -0.0695615 -0.0033041
  0.269494   0.600742   0.647196   0.964221   0.255098 -0.0721185 0.00141791
  0.0802159   -0.674443    0.507316    0.963063   -0.251926 -0.00906221  -0.0946646
  0.102836  -0.582992   0.471035   0.972353  -0.214668 -0.0136995  -0.090885
  0.126482  -0.490503   0.442656   0.980053  -0.177712  -0.019074 -0.0868996
  0.147008  -0.396277   0.421469   0.986278  -0.140686 -0.0234924  -0.083133
  0.166969  -0.300917   0.407579    0.99109  -0.103621   -0.02799 -0.0788687
  0.184951  -0.204375   0.400967   0.994494 -0.0663336 -0.0320537 -0.0745264
  0.202005  -0.107884   0.401692   0.996436 -0.0291123 -0.0361517 -0.0704299
  0.219276 -0.0128214   0.409772    0.99696 0.00764431 -0.0408331 -0.0659109
  0.234858  0.0816549   0.424864   0.996077  0.0444439 -0.0452456 -0.0617035
 0.248876  0.174371  0.446812  0.993853  0.080901 -0.049564 -0.057041
  0.261927    0.26536   0.475616    0.99023   0.117284 -0.0539144  -0.052751
  0.272994   0.354355   0.511035   0.985267   0.153543 -0.0580674 -0.0479742
  0.282697   0.439644    0.55241   0.979017   0.189151 -0.0621586 -0.0434018
  0.290711   0.522151   0.600059   0.971423   0.224643 -0.0661211 -0.0387392
  0.298264    0.60039   0.653299    0.96255    0.25955 -0.0704235 -0.0342449
 0.021015 -0.656429   0.49969  0.961204 -0.245799 0.0101151 -0.124771
 0.0491928  -0.566611   0.464407   0.970344    -0.2088 0.00420763   -0.12173
  0.0769862   -0.475102    0.436717    0.977972   -0.171851 -0.00172178   -0.118469
   0.104575   -0.382865    0.416595    0.984077   -0.135162 -0.00784603   -0.115163
    0.1306  -0.288447    0.40356   0.988813 -0.0980178  -0.013533  -0.111621
  0.155351  -0.193264   0.397917   0.992116 -0.0608099 -0.0190127  -0.107919
  0.179144 -0.0988828   0.399632   0.993976  -0.023992 -0.0245013  -0.104093
   0.201334 -0.00490109    0.408484    0.994456    0.012739  -0.0297445   -0.100049
  0.223611  0.0884677    0.42456   0.993516  0.0495443 -0.0354559 -0.0959868
  0.243897   0.179665   0.447381   0.991231  0.0858431 -0.0408664 -0.0917662
  0.263335   0.269316   0.477217   0.987559   0.122121 -0.0464314 -0.0875067
  0.282445   0.356124    0.51359    0.98252   0.158011 -0.0523988 -0.0833169
  0.298582   0.440528   0.556139   0.976179   0.193713 -0.0577251  -0.078848
  0.313854   0.521141   0.604662   0.968536   0.228892 -0.0632942  -0.074437
   0.32574   0.598085    0.65843   0.959702    0.26357 -0.0680874 -0.0697612
-0.0374635  -0.634797   0.493831    0.95801   -0.23962  0.0294495  -0.154701
-0.00369925   -0.546635    0.459235    0.967046   -0.202755   0.0222568   -0.152369
0.0300227 -0.457046  0.432246  0.974554 -0.166022 0.0149718 -0.149856
 0.0635371  -0.366036   0.412701   0.980601  -0.129243 0.00763436  -0.147175
 0.0944175   -0.27324    0.40041   0.985247 -0.0922479 0.00123432  -0.144145
    0.12545   -0.180046    0.395595    0.988457   -0.055258 -0.00550514    -0.14096
  0.156371 -0.0875983   0.398147   0.990225  -0.018583 -0.0125564  -0.137666
   0.18529 0.00433951   0.407816   0.990616  0.0179295 -0.0191637  -0.134128
  0.212883  0.0957796    0.42458   0.989645  0.0544899 -0.0256378  -0.130294
  0.239397   0.185562   0.448308   0.987297  0.0908059 -0.0321446  -0.126353
  0.265867   0.272808   0.478837    0.98357    0.12674 -0.0391735  -0.122443
  0.291219   0.357769   0.515969   0.978488   0.162476 -0.0462936  -0.118408
  0.314875   0.440082   0.559531   0.972061   0.197994 -0.0533164  -0.114251
  0.335767   0.518937   0.608744   0.964403   0.232971 -0.0598672  -0.109849
 0.355409  0.593613  0.663437  0.955494  0.267357 -0.066573  -0.10545
-0.0938545  -0.608661   0.489221   0.953628  -0.232829  0.0485705  -0.184461
-0.054364 -0.523226  0.455374  0.962483 -0.196424 0.0399416 -0.182888
-0.0154539  -0.435673   0.428995   0.969879  -0.159878   0.031588  -0.181039
0.0217011 -0.345964  0.409874  0.975846 -0.123092 0.0239657 -0.178882
 0.0603627  -0.255595   0.398283   0.980383 -0.0862609  0.0155718  -0.176541
 0.0971503  -0.164831    0.39412   0.983491 -0.0495713 0.00774376  -0.173865
     0.13341   -0.0744316     0.397249     0.985185    -0.013049 -0.000152467       -0.171
   0.169687   0.0145243    0.407591    0.985489   0.0230625 -0.00846453   -0.167954
 0.204485  0.103974  0.425196  0.984419  0.059615 -0.016474 -0.164603
  0.237011   0.191271   0.449508   0.982025  0.0956205 -0.0240734  -0.160945
  0.269644    0.27641   0.480721   0.978244   0.131422 -0.0322436  -0.157248
  0.301664    0.35898   0.518647   0.973091   0.166956 -0.0407404  -0.153493
  0.330547   0.438747   0.562507   0.966689   0.202058 -0.0485981  -0.149411
  0.358071   0.515134   0.612447   0.958987   0.236769 -0.0565846  -0.145198
  0.384131   0.588008   0.668203   0.949967   0.271169 -0.0646856  -0.140875
-0.149451 -0.579318  0.486619  0.947881 -0.226115  0.067981 -0.213944
-0.104443    -0.496  0.452973   0.95666 -0.189792 0.0580164 -0.213108
-0.0607184  -0.410309   0.426861   0.963963  -0.153282  0.0487614  -0.211902
-0.0169531  -0.323423   0.408246    0.96981  -0.116785  0.0395077    -0.2104
0.0261321 -0.236091  0.397185  0.974212 -0.080478 0.0304286 -0.208585
 0.0701247  -0.147591   0.393456   0.977243 -0.0437677  0.0209078  -0.206505
   0.113804  -0.0609096    0.397134    0.978827 -0.00779035   0.0111495   -0.204237
  0.154323   0.027794   0.408107   0.979083  0.0289211 0.00258038   -0.20138
   0.195661    0.113274    0.426098    0.977933   0.0647628 -0.00687149   -0.198509
  0.234114   0.197753    0.45091   0.975492   0.100454 -0.0155878  -0.195145
  0.273553   0.280076   0.482738   0.971635   0.136047 -0.0252258  -0.191782
 0.311493  0.359561  0.520966  0.966463  0.171173 -0.034874 -0.188236
  0.346049   0.437156   0.565564    0.96001   0.206209 -0.0437631  -0.184237
  0.381178   0.509919    0.61597   0.952238   0.240428 -0.0536566  -0.180437
  0.412632   0.579883   0.671927   0.943262   0.274388 -0.0628092  -0.176134
-0.200971 -0.547021  0.485431  0.940938 -0.219197 0.0864146 -0.243146
-0.151877 -0.465559  0.451907  0.949606 -0.182882 0.0757218 -0.243042
-0.102736 -0.382963  0.426092  0.956754 -0.146764  0.065167 -0.242561
-0.053828 -0.298855   0.40785  0.962468 -0.110527 0.0548485 -0.241723
-0.00535145   -0.213993    0.397039    0.966776  -0.0743291   0.0447143   -0.240459
 0.0440511  -0.128729   0.393614   0.969712 -0.0380044  0.0341289  -0.238851
  0.0916929  -0.0431053     0.39766    0.971243 -0.00166498   0.0241248   -0.236858
 0.139815 0.0403307  0.408881   0.97139  0.034047 0.0135109 -0.234648
  0.188013   0.122806     0.4273   0.970161  0.0697575 0.00252021  -0.232197
   0.233152    0.203454    0.452389     0.96765    0.104943 -0.00771955   -0.229307
  0.278378   0.282076   0.484315    0.96377   0.140007 -0.0185035  -0.226282
   0.32239    0.35875   0.523041   0.958539   0.175011 -0.0293694  -0.222959
  0.362279   0.432481   0.567417    0.95216   0.209327 -0.0392817  -0.219158
  0.404008   0.501937   0.618235   0.944332   0.243262 -0.0507198  -0.215614
  0.441918   0.568852   0.674715   0.935294   0.276998 -0.0614011  -0.211488
-0.251877  -0.50993  0.485657  0.932776 -0.211637   0.10557 -0.272019
 -0.19735 -0.431314   0.45208  0.941349 -0.175495 0.0934851 -0.272625
-0.142574 -0.352612  0.426526  0.948321 -0.139937 0.0814214 -0.272901
-0.088988 -0.271327  0.408452  0.953912 -0.103929 0.0701999 -0.272623
-0.0358136  -0.189665   0.397858   0.958088 -0.0680957  0.0591832  -0.271897
 0.0189448  -0.107952    0.39463   0.960912 -0.0321671  0.0474761  -0.270851
 0.0739486  -0.026502   0.398787   0.962336 0.00374093  0.0355451  -0.269503
 0.126839 0.0542211  0.410229  0.962418 0.0393475 0.0242002 -0.267615
 0.180136  0.132725  0.428672  0.961141 0.0744945 0.0122456 -0.265533
     0.2319    0.209795    0.453994    0.958551    0.109437 0.000480657   -0.263064
  0.282891   0.284609   0.486026   0.954641   0.144072 -0.0115181   -0.26033
  0.331955   0.357785   0.524815   0.949412   0.178682 -0.0232919   -0.25719
  0.379689   0.427477   0.569733   0.942905   0.212713 -0.0353009  -0.253846
   0.42518   0.494206   0.620561   0.935149   0.246399 -0.0471801  -0.250115
  0.468424   0.557398   0.677022   0.926154   0.279632 -0.0590433  -0.246086
-0.299785 -0.469028   0.48736  0.923463 -0.203571   0.12453 -0.300445
-0.240706 -0.394062  0.453833  0.931778 -0.167942   0.11124  -0.30201
-0.181455 -0.318507  0.428252  0.938639 -0.132645 0.0982031 -0.302851
  -0.12231  -0.241567   0.410233   0.944072 -0.0972447  0.0855058  -0.303249
-0.0639715  -0.164031   0.399696   0.948104  -0.061966  0.0732713  -0.303135
-0.00349951   -0.086382    0.396357    0.950802  -0.0264688   0.0602213   -0.302734
  0.0560627 -0.00859127    0.400515    0.952163  0.00905374   0.0474822   -0.301744
  0.11575 0.0679607  0.411978  0.952153 0.0443399 0.0344272 -0.300424
 0.172494  0.143782  0.430467  0.950857 0.0793488 0.0222501 -0.298462
  0.231269   0.216234    0.45581   0.948182   0.113843 0.00866012  -0.296507
   0.287966    0.287021     0.48789    0.944222    0.148107 -0.00459967    -0.29409
  0.342187   0.356164   0.526565   0.939001   0.182243 -0.0174402  -0.291137
  0.394499   0.422589   0.571477   0.932515   0.216029 -0.0302508  -0.287806
  0.446589   0.484292   0.622187   0.924734   0.249025 -0.0439324  -0.284471
   0.49445   0.543765   0.678487   0.915801   0.281791 -0.0567264  -0.280509
-0.344678  -0.42583  0.490877  0.912833 -0.195569  0.143147 -0.328629
-0.280735 -0.355102  0.457082   0.92105  -0.16049  0.128466 -0.330766
-0.217701 -0.281558  0.431182   0.92778 -0.125017   0.11483 -0.332278
 -0.153826  -0.209112   0.413132    0.93303 -0.0902612   0.100904  -0.333356
-0.0895569  -0.136051   0.402365   0.936933 -0.0554479  0.0870502  -0.333923
-0.0254988 -0.0619227   0.399046   0.939516 -0.0203175  0.0734985  -0.333909
0.0398751 0.0110288  0.402972  0.940766 0.0146306 0.0592612 -0.333515
  0.10454 0.0835968  0.414248  0.940689 0.0495794 0.0451728 -0.332574
 0.167445  0.154525  0.432597  0.939305  0.084048 0.0314103 -0.331142
 0.230835  0.222795  0.457695    0.9366  0.118104 0.0169174 -0.329462
  0.292653   0.289259   0.489571   0.932624   0.151936 0.00252972  -0.327295
  0.351551   0.354175   0.528006   0.927419   0.185582 -0.0112649   -0.32454
  0.409902   0.415594   0.572674    0.92091    0.21877 -0.0256616  -0.321569
  0.465857   0.474047   0.623248   0.913183   0.251549 -0.0399624  -0.318155
  0.519668   0.528249   0.679132   0.904267   0.283547 -0.0544324  -0.314548
-0.385947 -0.380278  0.495836   0.90104 -0.187415  0.161309 -0.356347
 -0.31899 -0.312081  0.461758  0.909081 -0.152396  0.146151 -0.359148
-0.251357 -0.243646  0.435642  0.915611  -0.11775  0.131122 -0.361385
-0.182216 -0.176248  0.417077  0.920725 -0.083656  0.115623 -0.363178
 -0.114039  -0.106308   0.406069   0.924501 -0.0489384   0.101095  -0.364256
-0.0449483 -0.0363703   0.402453   0.926978 -0.0141317  0.0863357  -0.364771
0.0250602  0.031728  0.406034  0.928135 0.0202126 0.0709903 -0.364854
0.0957616 0.0988367  0.416891  0.927965 0.0545469 0.0552158 -0.364496
 0.162305  0.166163  0.435029  0.926545 0.0887443 0.0409542 -0.363265
 0.231153  0.229722  0.459851  0.923786  0.122411 0.0251092 -0.361945
  0.297384   0.291346   0.491253   0.919798   0.155621 0.00974945  -0.360082
  0.361527    0.35109   0.529211   0.914594   0.188625 -0.0053869  -0.357645
  0.425401   0.407731   0.573676   0.908047   0.221398 -0.0212177  -0.354942
  0.485438   0.461657   0.623745     0.9004   0.253583 -0.0364117  -0.351639
   0.54424    0.51141   0.679482   0.891487   0.285185 -0.0521979  -0.348132
-0.424543 -0.330903  0.502314  0.888098 -0.178643  0.179741 -0.383485
-0.353068 -0.267322  0.467615  0.895964 -0.144184  0.163135 -0.387101
-0.281116 -0.204332  0.441081  0.902294 -0.110408  0.146695 -0.390072
 -0.208631  -0.140701   0.422081   0.907222 -0.0766567   0.130513  -0.392477
 -0.135954 -0.0758985   0.410646    0.91086 -0.0426121    0.11472  -0.394154
 -0.0627859  -0.0104555    0.406597    0.913221 -0.00827876   0.0990282    -0.39516
0.0116314 0.0536486  0.409735  0.914287 0.0258755 0.0827367 -0.395683
 0.085477  0.115863  0.420089  0.914055    0.0595 0.0663723 -0.395674
 0.158804  0.176726  0.437473   0.91255 0.0929416 0.0499473  -0.39512
 0.231413  0.235583  0.461719   0.90979  0.126074 0.0333335  -0.39405
 0.302541  0.292503  0.492717  0.905772  0.158935 0.0167813 -0.392473
     0.37278     0.346881     0.530422     0.900486     0.191547 -0.000124748    -0.390428
  0.440348   0.398296   0.574005   0.894033   0.223531 -0.0168337  -0.387886
  0.504785    0.44789   0.623907   0.886406   0.255399 -0.0330975  -0.384655
 0.567741  0.492481  0.678858  0.877568  0.286293 -0.050015 -0.381327
-0.459193 -0.279858  0.510257  0.873963  -0.16984  0.197638 -0.410222
-0.384618 -0.220336  0.475035  0.881622 -0.135856  0.180195 -0.414506
-0.309484 -0.161408  0.447954  0.887759 -0.102505  0.162948  -0.41812
 -0.233256  -0.102867   0.428386    0.89251 -0.0694446   0.145646  -0.421177
  -0.15547 -0.0430356   0.416102   0.896049 -0.0357793    0.12832  -0.423497
 -0.0785435   0.0170773     0.41151    0.898268 -0.00217815    0.111611   -0.425033
0.000547459   0.0755824    0.413921    0.899242   0.0313512   0.0939538   -0.426091
0.0778142  0.133498  0.423749  0.898924 0.0646176 0.0769506 -0.426426
 0.155748  0.188277  0.440289  0.897368 0.0972577 0.0591329  -0.42635
 0.232737  0.241468  0.463747  0.894566  0.129719  0.041302 -0.425699
 0.308452  0.293421  0.494301  0.890534  0.162217 0.0235401 -0.424359
  0.382377   0.342579   0.531182   0.885271   0.194192 0.00572689  -0.422553
  0.454094    0.38882   0.574211   0.878851   0.225633 -0.0121092  -0.420195
  0.522766   0.433129   0.623339   0.871259   0.256898 -0.0295504  -0.417178
  0.589389   0.472851   0.677655   0.862507   0.287232 -0.0474609  -0.413916
-0.490978  -0.22568  0.519954  0.858576  -0.16063  0.215786 -0.436443
-0.413045 -0.171279   0.48395  0.866038 -0.127378  0.197138 -0.441463
-0.333614 -0.118191  0.455728  0.872018 -0.094822  0.178279 -0.445881
  -0.25401 -0.0632647   0.435467   0.876701 -0.0618247   0.160216  -0.449337
  -0.173121 -0.00947797    0.422472    0.880027  -0.0291804    0.141852   -0.452304
-0.0915041  0.0447049    0.41691   0.882129 0.00376261   0.123594  -0.454487
-0.00966279   0.0983915    0.418698    0.882988   0.0367234    0.105362    -0.45594
0.0720292  0.150471  0.427622  0.882607 0.0693634 0.0869985 -0.456755
 0.153947  0.200227  0.443449  0.880991  0.101633 0.0681429 -0.457036
 0.234621  0.248241  0.466245  0.878156  0.133619 0.0493507 -0.456675
 0.314031  0.293388  0.495478   0.87413  0.165005 0.0303531 -0.455795
 0.392242  0.336232   0.53132  0.868881  0.196168 0.0111437 -0.454356
   0.466934     0.37785    0.573566    0.862543    0.227161 -0.00734588   -0.452065
   0.54018   0.416285   0.621964   0.854966   0.257809 -0.0262873  -0.449307
  0.610564   0.450808   0.675603   0.846273   0.287617 -0.0453472  -0.446142
   0.265143  -0.0270846    0.415076    0.997489 -0.00505965  -0.0679135   0.0194267
