     0.00000   0.00750000   0.00250000      -1.04716      -0.523764
     0.00000   0.00750000   0.00250000      -1.04718      -0.448713
     0.00000   0.00750000   0.00250000      -1.04718      -0.373978
     0.00000   0.00750000   0.00250000      -1.04718      -0.299158
     0.00000   0.00750000   0.00250000      -1.04718      -0.224325
     0.00000   0.00750000   0.00250000      -1.04718      -0.149504
     0.00000   0.00750000   0.00250000      -1.04718      -0.0747016
     0.00000   0.00750000   0.00250000      -1.04718      0.000149668
     0.00000   0.00750000   0.00250000      -1.04718      0.0748764
     0.00000   0.00750000   0.00250000      -1.04718      0.149637
     0.00000   0.00750000   0.00250000      -1.04718      0.224485
     0.00000   0.00750000   0.00250000      -1.04718      0.299312
     0.00000   0.00750000   0.00250000      -1.04718      0.374124
     0.00000   0.00750000   0.00250000      -1.04718      0.448885
     0.00000   0.00750000   0.00250000      -1.04718      0.523735
     0.00000   0.00750000   0.00250000      -0.974989      -0.523639
     0.00000   0.00750000   0.00250000      -0.974989      -0.448713
     0.00000   0.00750000   0.00250000      -0.974989      -0.373952
     0.00000   0.00750000   0.00250000      -0.974989      -0.299158
     0.00000   0.00750000   0.00250000      -0.974989      -0.224313
     0.00000   0.00750000   0.00250000      -0.974989      -0.149504
     0.00000   0.00750000   0.00250000      -0.974989      -0.0746891
     0.00000   0.00750000   0.00250000      -0.974989      8.71673e-05
     0.00000   0.00750000   0.00250000      -0.974989      0.0749143
     0.00000   0.00750000   0.00250000      -0.974989      0.149688
     0.00000   0.00750000   0.00250000      -0.974989      0.224498
     0.00000   0.00750000   0.00250000      -0.974989      0.299285
     0.00000   0.00750000   0.00250000      -0.974989      0.374124
     0.00000   0.00750000   0.00250000      -0.974989      0.448885
     0.00000   0.00750000   0.00250000      -0.974989      0.523705
     0.00000   0.00750000   0.00250000      -0.902532      -0.523653
     0.00000   0.00750000   0.00250000      -0.902532      -0.44882
     0.00000   0.00750000   0.00250000      -0.902652      -0.373939
     0.00000   0.00750000   0.00250000      -0.903059      -0.299171
     0.00000   0.00750000   0.00250000      -0.902652      -0.224338
     0.00000   0.00750000   0.00250000      -0.902915      -0.149541
     0.00000   0.00750000   0.00250000      -0.902772      -0.074739
     0.00000   0.00750000   0.00250000      -0.902748      7.46672e-05
     0.00000   0.00750000   0.00250000      -0.902748      0.0749017
     0.00000   0.00750000   0.00250000      -0.902748      0.14965
     0.00000   0.00750000   0.00250000      -0.902748      0.224485
     0.00000   0.00750000   0.00250000      -0.902748      0.299285
     0.00000   0.00750000   0.00250000      -0.902748      0.374138
     0.00000   0.00750000   0.00250000      -0.902748      0.448857
     0.00000   0.00750000   0.00250000      -0.902748      0.52372
     0.00000   0.00750000   0.00250000      -0.830651      -0.523625
     0.00000   0.00750000   0.00250000      -0.830627      -0.448726
     0.00000   0.00750000   0.00250000      -0.830459      -0.373913
     0.00000   0.00750000   0.00250000      -0.830603      -0.299107
     0.00000   0.00750000   0.00250000      -0.830555      -0.2243
     0.00000   0.00750000   0.00250000      -0.830555      -0.149504
     0.00000   0.00750000   0.00250000      -0.830555      -0.0747265
     0.00000   0.00750000   0.00250000      -0.830555      0.000137168
     0.00000   0.00750000   0.00250000      -0.830555      0.0749143
     0.00000   0.00750000   0.00250000      -0.830555      0.14965
     0.00000   0.00750000   0.00250000      -0.830555      0.224511
     0.00000   0.00750000   0.00250000      -0.830555      0.299232
     0.00000   0.00750000   0.00250000      -0.830555      0.374124
     0.00000   0.00750000   0.00250000      -0.830555      0.448871
     0.00000   0.00750000   0.00250000      -0.830555      0.52369
     0.00000   0.00750000   0.00250000      -0.758146      -0.523653
     0.00000   0.00750000   0.00250000      -0.758146      -0.448726
     0.00000   0.00750000   0.00250000      -0.75817      -0.373913
     0.00000   0.00750000   0.00250000      -0.758386      -0.299171
     0.00000   0.00750000   0.00250000      -0.758458      -0.224338
     0.00000   0.00750000   0.00250000      -0.758266      -0.149504
     0.00000   0.00750000   0.00250000      -0.758242      -0.0747265
     0.00000   0.00750000   0.00250000      -0.758242      0.000137168
     0.00000   0.00750000   0.00250000      -0.758242      0.0748891
     0.00000   0.00750000   0.00250000      -0.758314      0.149714
     0.00000   0.00750000   0.00250000      -0.758314      0.224446
     0.00000   0.00750000   0.00250000      -0.758314      0.299299
     0.00000   0.00750000   0.00250000      -0.758314      0.374096
     0.00000   0.00750000   0.00250000      -0.758314      0.448871
     0.00000   0.00750000   0.00250000      -0.758314      0.523705
     0.00000   0.00750000   0.00250000      -0.686361      -0.523708
     0.00000   0.00750000   0.00250000      -0.685881      -0.44874
     0.00000   0.00750000   0.00250000      -0.686169      -0.373913
     0.00000   0.00750000   0.00250000      -0.686145      -0.299132
     0.00000   0.00750000   0.00250000      -0.686145      -0.224313
     0.00000   0.00750000   0.00250000      -0.686145      -0.149454
     0.00000   0.00750000   0.00250000      -0.686145      -0.0747265
     0.00000   0.00750000   0.00250000      -0.686145      0.000112167
     0.00000   0.00750000   0.00250000      -0.686145      0.0749395
     0.00000   0.00750000   0.00250000      -0.686145      0.149675
     0.00000   0.00750000   0.00250000      -0.686145      0.224446
     0.00000   0.00750000   0.00250000      -0.686145      0.299285
     0.00000   0.00750000   0.00250000      -0.686145      0.374166
     0.00000   0.00750000   0.00250000      -0.686145      0.448842
     0.00000   0.00750000   0.00250000      -0.686145      0.523705
     0.00000   0.00750000   0.00250000      -0.613928      -0.523639
     0.00000   0.00750000   0.00250000      -0.613904      -0.448726
     0.00000   0.00750000   0.00250000      -0.613904      -0.373939
     0.00000   0.00750000   0.00250000      -0.613904      -0.299132
     0.00000   0.00750000   0.00250000      -0.613904      -0.224287
     0.00000   0.00750000   0.00250000      -0.613904      -0.149504
     0.00000   0.00750000   0.00250000      -0.613904      -0.0747016
     0.00000   0.00750000   0.00250000      -0.613904      9.96674e-05
     0.00000   0.00750000   0.00250000      -0.613904      0.0748764
     0.00000   0.00750000   0.00250000      -0.613904      0.14965
     0.00000   0.00750000   0.00250000      -0.613904      0.224446
     0.00000   0.00750000   0.00250000      -0.613904      0.299326
     0.00000   0.00750000   0.00250000      -0.613904      0.374096
     0.00000   0.00750000   0.00250000      -0.613904      0.4489
     0.00000   0.00750000   0.00250000      -0.613904      0.523705
     0.00000   0.00750000   0.00250000      -0.541759      -0.523653
     0.00000   0.00750000   0.00250000      -0.541351      -0.448713
     0.00000   0.00750000   0.00250000      -0.541735      -0.373913
     0.00000   0.00750000   0.00250000      -0.541711      -0.299171
     0.00000   0.00750000   0.00250000      -0.541711      -0.224313
     0.00000   0.00750000   0.00250000      -0.541711      -0.149517
     0.00000   0.00750000   0.00250000      -0.541711      -0.0746642
     0.00000   0.00750000   0.00250000      -0.541711      9.96674e-05
     0.00000   0.00750000   0.00250000      -0.541711      0.0748638
     0.00000   0.00750000   0.00250000      -0.541711      0.149675
     0.00000   0.00750000   0.00250000      -0.541711      0.224472
     0.00000   0.00750000   0.00250000      -0.541711      0.299299
     0.00000   0.00750000   0.00250000      -0.541711      0.374152
     0.00000   0.00750000   0.00250000      -0.541711      0.448885
     0.00000   0.00750000   0.00250000      -0.541711      0.52372
     0.00000   0.00750000   0.00250000      -0.469302      -0.523653
     0.00000   0.00750000   0.00250000      -0.469302      -0.44874
     0.00000   0.00750000   0.00250000      -0.469518      -0.373965
     0.00000   0.00750000   0.00250000      -0.469446      -0.299119
     0.00000   0.00750000   0.00250000      -0.469446      -0.224313
     0.00000   0.00750000   0.00250000      -0.469446      -0.149492
     0.00000   0.00750000   0.00250000      -0.469446      -0.0747016
     0.00000   0.00750000   0.00250000      -0.469446      8.71673e-05
     0.00000   0.00750000   0.00250000      -0.469446      0.0748891
     0.00000   0.00750000   0.00250000      -0.469446      0.149662
     0.00000   0.00750000   0.00250000      -0.469446      0.224472
     0.00000   0.00750000   0.00250000      -0.469446      0.299312
     0.00000   0.00750000   0.00250000      -0.469446      0.374138
     0.00000   0.00750000   0.00250000      -0.469446      0.448857
     0.00000   0.00750000   0.00250000      -0.469446      0.52372
     0.00000   0.00750000   0.00250000      -0.397469      -0.523667
     0.00000   0.00750000   0.00250000      -0.397061      -0.448713
     0.00000   0.00750000   0.00250000      -0.397157      -0.373926
     0.00000   0.00750000   0.00250000      -0.397133      -0.299119
     0.00000   0.00750000   0.00250000      -0.397133      -0.22435
     0.00000   0.00750000   0.00250000      -0.397133      -0.149504
     0.00000   0.00750000   0.00250000      -0.397133      -0.0747016
     0.00000   0.00750000   0.00250000      -0.397133      9.96674e-05
     0.00000   0.00750000   0.00250000      -0.397133      0.0749269
     0.00000   0.00750000   0.00250000      -0.397133      0.149637
     0.00000   0.00750000   0.00250000      -0.397133      0.224459
     0.00000   0.00750000   0.00250000      -0.397133      0.299299
     0.00000   0.00750000   0.00250000      -0.397133      0.374096
     0.00000   0.00750000   0.00250000      -0.397133      0.448871
     0.00000   0.00750000   0.00250000      -0.397133      0.523705
     0.00000   0.00750000   0.00250000      -0.324796      -0.523653
     0.00000   0.00750000   0.00250000      -0.324796      -0.448713
     0.00000   0.00750000   0.00250000      -0.325084      -0.373978
     0.00000   0.00750000   0.00250000      -0.32506      -0.299107
     0.00000   0.00750000   0.00250000      -0.325036      -0.224325
     0.00000   0.00750000   0.00250000      -0.325036      -0.149504
     0.00000   0.00750000   0.00250000      -0.325036      -0.0747016
     0.00000   0.00750000   0.00250000      -0.325036      0.000124668
     0.00000   0.00750000   0.00250000      -0.325036      0.0748638
     0.00000   0.00750000   0.00250000      -0.325036      0.149714
     0.00000   0.00750000   0.00250000      -0.325036      0.224524
     0.00000   0.00750000   0.00250000      -0.325036      0.299312
     0.00000   0.00750000   0.00250000      -0.325036      0.374096
     0.00000   0.00750000   0.00250000      -0.325036      0.448914
     0.00000   0.00750000   0.00250000      -0.325036      0.52372
     0.00000   0.00750000   0.00250000      -0.252771      -0.523653
     0.00000   0.00750000   0.00250000      -0.252771      -0.44874
     0.00000   0.00750000   0.00250000      -0.252771      -0.373965
     0.00000   0.00750000   0.00250000      -0.252771      -0.299119
     0.00000   0.00750000   0.00250000      -0.252771      -0.224275
     0.00000   0.00750000   0.00250000      -0.252771      -0.149492
     0.00000   0.00750000   0.00250000      -0.252771      -0.0747141
     0.00000   0.00750000   0.00250000      -0.252771      9.96674e-05
     0.00000   0.00750000   0.00250000      -0.252771      0.0748891
     0.00000   0.00750000   0.00250000      -0.252771      0.14965
     0.00000   0.00750000   0.00250000      -0.252771      0.224524
     0.00000   0.00750000   0.00250000      -0.252771      0.299272
     0.00000   0.00750000   0.00250000      -0.252771      0.37411
     0.00000   0.00750000   0.00250000      -0.252771      0.448885
     0.00000   0.00750000   0.00250000      -0.252771      0.523705
     0.00000   0.00750000   0.00250000      -0.180506      -0.523667
     0.00000   0.00750000   0.00250000      -0.180482      -0.448726
     0.00000   0.00750000   0.00250000      -0.180482      -0.373965
     0.00000   0.00750000   0.00250000      -0.180482      -0.299158
     0.00000   0.00750000   0.00250000      -0.180482      -0.224338
     0.00000   0.00750000   0.00250000      -0.180482      -0.149504
     0.00000   0.00750000   0.00250000      -0.180482      -0.0746891
     0.00000   0.00750000   0.00250000      -0.180482      0.000112167
     0.00000   0.00750000   0.00250000      -0.180482      0.0749017
     0.00000   0.00750000   0.00250000      -0.180482      0.149662
     0.00000   0.00750000   0.00250000      -0.180482      0.224472
     0.00000   0.00750000   0.00250000      -0.180482      0.299299
     0.00000   0.00750000   0.00250000      -0.180482      0.374096
     0.00000   0.00750000   0.00250000      -0.180482      0.448914
     0.00000   0.00750000   0.00250000      -0.180482      0.52372
     0.00000   0.00750000   0.00250000      -0.108337      -0.523611
     0.00000   0.00750000   0.00250000      -0.108337      -0.448753
     0.00000   0.00750000   0.00250000      -0.108337      -0.373965
     0.00000   0.00750000   0.00250000      -0.108337      -0.299158
     0.00000   0.00750000   0.00250000      -0.108337      -0.224338
     0.00000   0.00750000   0.00250000      -0.108337      -0.149529
     0.00000   0.00750000   0.00250000      -0.108337      -0.074739
     0.00000   0.00750000   0.00250000      -0.108337      0.000149668
     0.00000   0.00750000   0.00250000      -0.108337      0.0748891
     0.00000   0.00750000   0.00250000      -0.108337      0.14965
     0.00000   0.00750000   0.00250000      -0.108337      0.224511
     0.00000   0.00750000   0.00250000      -0.108337      0.299285
     0.00000   0.00750000   0.00250000      -0.108337      0.37411
     0.00000   0.00750000   0.00250000      -0.108337      0.448871
     0.00000   0.00750000   0.00250000      -0.108337      0.52375
     0.00000   0.00750000   0.00250000      -0.0360965      -0.523695
     0.00000   0.00750000   0.00250000      -0.0360965      -0.448726
     0.00000   0.00750000   0.00250000      -0.0360965      -0.373926
     0.00000   0.00750000   0.00250000      -0.0360965      -0.299119
     0.00000   0.00750000   0.00250000      -0.0360965      -0.224325
     0.00000   0.00750000   0.00250000      -0.0360965      -0.149541
     0.00000   0.00750000   0.00250000      -0.0360965      -0.0746767
     0.00000   0.00750000   0.00250000      -0.0360965      8.71673e-05
     0.00000   0.00750000   0.00250000      -0.0360965      0.0749269
     0.00000   0.00750000   0.00250000      -0.0360965      0.149662
     0.00000   0.00750000   0.00250000      -0.0360965      0.224472
     0.00000   0.00750000   0.00250000      -0.0360965      0.299312
     0.00000   0.00750000   0.00250000      -0.0360965      0.374083
     0.00000   0.00750000   0.00250000      -0.0360965      0.448928
     0.00000   0.00750000   0.00250000      -0.0360965      0.52369
     0.00000   0.00750000   0.00250000      0.0362163      -0.523667
     0.00000   0.00750000   0.00250000      0.0362643      -0.448686
     0.00000   0.00750000   0.00250000      0.0360965      -0.373978
     0.00000   0.00750000   0.00250000      0.0360725      -0.299145
     0.00000   0.00750000   0.00250000      0.0360725      -0.224325
     0.00000   0.00750000   0.00250000      0.0360725      -0.149517
     0.00000   0.00750000   0.00250000      0.0360725      -0.0747016
     0.00000   0.00750000   0.00250000      0.0360725      0.000112167
     0.00000   0.00750000   0.00250000      0.0360725      0.0749269
     0.00000   0.00750000   0.00250000      0.0360725      0.149662
     0.00000   0.00750000   0.00250000      0.0360725      0.224511
     0.00000   0.00750000   0.00250000      0.0360725      0.299178
     0.00000   0.00750000   0.00250000      0.0360725      0.374124
     0.00000   0.00750000   0.00250000      0.0360725      0.448871
     0.00000   0.00750000   0.00250000      0.0360725      0.523705
     0.00000   0.00750000   0.00250000      0.108457      -0.523653
     0.00000   0.00750000   0.00250000      0.108361      -0.448713
     0.00000   0.00750000   0.00250000      0.108385      -0.373952
     0.00000   0.00750000   0.00250000      0.108385      -0.299132
     0.00000   0.00750000   0.00250000      0.108385      -0.224287
     0.00000   0.00750000   0.00250000      0.108385      -0.149529
     0.00000   0.00750000   0.00250000      0.108385      -0.0746767
     0.00000   0.00750000   0.00250000      0.108385      8.71673e-05
     0.00000   0.00750000   0.00250000      0.108385      0.0749269
     0.00000   0.00750000   0.00250000      0.108385      0.149662
     0.00000   0.00750000   0.00250000      0.108385      0.224498
     0.00000   0.00750000   0.00250000      0.108385      0.299312
     0.00000   0.00750000   0.00250000      0.108385      0.37411
     0.00000   0.00750000   0.00250000      0.108385      0.448885
     0.00000   0.00750000   0.00250000      0.108385      0.52372
     0.00000   0.00750000   0.00250000      0.180411      -0.523653
     0.00000   0.00750000   0.00250000      0.180674      -0.448713
     0.00000   0.00750000   0.00250000      0.180291      -0.373926
     0.00000   0.00750000   0.00250000      0.180818      -0.299107
     0.00000   0.00750000   0.00250000      0.180482      -0.224262
     0.00000   0.00750000   0.00250000      0.180291      -0.149566
     0.00000   0.00750000   0.00250000      0.180842      -0.0746269
     0.00000   0.00750000   0.00250000      0.180291      8.71673e-05
     0.00000   0.00750000   0.00250000      0.180674      0.0748891
     0.00000   0.00750000   0.00250000      0.180458      0.149624
     0.00000   0.00750000   0.00250000      0.180818      0.224485
     0.00000   0.00750000   0.00250000      0.180482      0.299326
     0.00000   0.00750000   0.00250000      0.180482      0.374069
     0.00000   0.00750000   0.00250000      0.180482      0.448914
     0.00000   0.00750000   0.00250000      0.180482      0.52372
     0.00000   0.00750000   0.00250000      0.252627      -0.523667
     0.00000   0.00750000   0.00250000      0.252891      -0.448713
     0.00000   0.00750000   0.00250000      0.252699      -0.373926
     0.00000   0.00750000   0.00250000      0.252723      -0.299171
     0.00000   0.00750000   0.00250000      0.252723      -0.224325
     0.00000   0.00750000   0.00250000      0.252723      -0.149454
     0.00000   0.00750000   0.00250000      0.252723      -0.0746891
     0.00000   0.00750000   0.00250000      0.252723      7.46672e-05
     0.00000   0.00750000   0.00250000      0.252723      0.0749017
     0.00000   0.00750000   0.00250000      0.252723      0.149688
     0.00000   0.00750000   0.00250000      0.252723      0.224485
     0.00000   0.00750000   0.00250000      0.252723      0.299299
     0.00000   0.00750000   0.00250000      0.252723      0.374152
     0.00000   0.00750000   0.00250000      0.252723      0.448885
     0.00000   0.00750000   0.00250000      0.252723      0.52375
     0.00000   0.00750000   0.00250000      0.324964      -0.523639
     0.00000   0.00750000   0.00250000      0.32494      -0.448713
     0.00000   0.00750000   0.00250000      0.32494      -0.373952
     0.00000   0.00750000   0.00250000      0.32494      -0.299132
     0.00000   0.00750000   0.00250000      0.32494      -0.224325
     0.00000   0.00750000   0.00250000      0.32494      -0.149529
     0.00000   0.00750000   0.00250000      0.32494      -0.0747265
     0.00000   0.00750000   0.00250000      0.32494      0.000112167
     0.00000   0.00750000   0.00250000      0.32494      0.0748891
     0.00000   0.00750000   0.00250000      0.32494      0.149714
     0.00000   0.00750000   0.00250000      0.32494      0.224498
     0.00000   0.00750000   0.00250000      0.32494      0.299299
     0.00000   0.00750000   0.00250000      0.32494      0.374096
     0.00000   0.00750000   0.00250000      0.32494      0.448972
     0.00000   0.00750000   0.00250000      0.32494      0.52375
     0.00000   0.00750000   0.00250000      0.397229      -0.523667
     0.00000   0.00750000   0.00250000      0.397205      -0.448713
     0.00000   0.00750000   0.00250000      0.397205      -0.373952
     0.00000   0.00750000   0.00250000      0.397205      -0.299158
     0.00000   0.00750000   0.00250000      0.397205      -0.224338
     0.00000   0.00750000   0.00250000      0.397205      -0.149529
     0.00000   0.00750000   0.00250000      0.397205      -0.0747141
     0.00000   0.00750000   0.00250000      0.397205      8.71673e-05
     0.00000   0.00750000   0.00250000      0.397205      0.0749143
     0.00000   0.00750000   0.00250000      0.397205      0.149675
     0.00000   0.00750000   0.00250000      0.397205      0.224511
     0.00000   0.00750000   0.00250000      0.397205      0.299339
     0.00000   0.00750000   0.00250000      0.397205      0.374152
     0.00000   0.00750000   0.00250000      0.397205      0.448871
     0.00000   0.00750000   0.00250000      0.397205      0.523765
     0.00000   0.00750000   0.00250000      0.469422      -0.523667
     0.00000   0.00750000   0.00250000      0.469422      -0.44874
     0.00000   0.00750000   0.00250000      0.469422      -0.373952
     0.00000   0.00750000   0.00250000      0.469422      -0.299132
     0.00000   0.00750000   0.00250000      0.469422      -0.224325
     0.00000   0.00750000   0.00250000      0.469422      -0.149541
     0.00000   0.00750000   0.00250000      0.469422      -0.0747141
     0.00000   0.00750000   0.00250000      0.469422      0.000149668
     0.00000   0.00750000   0.00250000      0.469422      0.0748638
     0.00000   0.00750000   0.00250000      0.469422      0.14965
     0.00000   0.00750000   0.00250000      0.469422      0.224472
     0.00000   0.00750000   0.00250000      0.469422      0.299299
     0.00000   0.00750000   0.00250000      0.469422      0.374138
     0.00000   0.00750000   0.00250000      0.469422      0.448885
     0.00000   0.00750000   0.00250000      0.469422      0.52372
     0.00000   0.00750000   0.00250000      0.541663      -0.523639
     0.00000   0.00750000   0.00250000      0.541639      -0.448767
     0.00000   0.00750000   0.00250000      0.541639      -0.373952
     0.00000   0.00750000   0.00250000      0.541639      -0.299119
     0.00000   0.00750000   0.00250000      0.541639      -0.224287
     0.00000   0.00750000   0.00250000      0.541639      -0.149541
     0.00000   0.00750000   0.00250000      0.541639      -0.0747016
     0.00000   0.00750000   0.00250000      0.541639      0.000112167
     0.00000   0.00750000   0.00250000      0.541639      0.0749269
     0.00000   0.00750000   0.00250000      0.541639      0.149662
     0.00000   0.00750000   0.00250000      0.541639      0.224485
     0.00000   0.00750000   0.00250000      0.541639      0.299312
     0.00000   0.00750000   0.00250000      0.541639      0.374096
     0.00000   0.00750000   0.00250000      0.541639      0.448885
     0.00000   0.00750000   0.00250000      0.541639      0.52372
     0.00000   0.00750000   0.00250000      0.613808      -0.523681
     0.00000   0.00750000   0.00250000      0.613832      -0.448753
     0.00000   0.00750000   0.00250000      0.613832      -0.373939
     0.00000   0.00750000   0.00250000      0.613832      -0.299158
     0.00000   0.00750000   0.00250000      0.613832      -0.224313
     0.00000   0.00750000   0.00250000      0.613832      -0.149541
     0.00000   0.00750000   0.00250000      0.613832      -0.0747141
     0.00000   0.00750000   0.00250000      0.613832      0.000124668
     0.00000   0.00750000   0.00250000      0.613832      0.0749143
     0.00000   0.00750000   0.00250000      0.613832      0.14965
     0.00000   0.00750000   0.00250000      0.613832      0.224459
     0.00000   0.00750000   0.00250000      0.613832      0.299272
     0.00000   0.00750000   0.00250000      0.613832      0.374096
     0.00000   0.00750000   0.00250000      0.613832      0.448885
     0.00000   0.00750000   0.00250000      0.613832      0.523705
     0.00000   0.00750000   0.00250000      0.685929      -0.523667
     0.00000   0.00750000   0.00250000      0.686337      -0.448753
     0.00000   0.00750000   0.00250000      0.686097      -0.373926
     0.00000   0.00750000   0.00250000      0.686121      -0.299119
     0.00000   0.00750000   0.00250000      0.686121      -0.2243
     0.00000   0.00750000   0.00250000      0.686121      -0.149517
     0.00000   0.00750000   0.00250000      0.686121      -0.0747141
     0.00000   0.00750000   0.00250000      0.686121      9.96674e-05
     0.00000   0.00750000   0.00250000      0.686121      0.0748764
     0.00000   0.00750000   0.00250000      0.686121      0.149611
     0.00000   0.00750000   0.00250000      0.686121      0.224511
     0.00000   0.00750000   0.00250000      0.686121      0.299285
     0.00000   0.00750000   0.00250000      0.686121      0.37411
     0.00000   0.00750000   0.00250000      0.686121      0.448871
     0.00000   0.00750000   0.00250000      0.686121      0.52372
     0.00000   0.00750000   0.00250000      0.75829      -0.523667
     0.00000   0.00750000   0.00250000      0.75829      -0.448753
     0.00000   0.00750000   0.00250000      0.75829      -0.373913
     0.00000   0.00750000   0.00250000      0.75829      -0.299145
     0.00000   0.00750000   0.00250000      0.75829      -0.224287
     0.00000   0.00750000   0.00250000      0.75829      -0.149504
     0.00000   0.00750000   0.00250000      0.75829      -0.0747265
     0.00000   0.00750000   0.00250000      0.75829      0.000137168
     0.00000   0.00750000   0.00250000      0.758266      0.0749017
     0.00000   0.00750000   0.00250000      0.75829      0.149675
     0.00000   0.00750000   0.00250000      0.75829      0.224472
     0.00000   0.00750000   0.00250000      0.75829      0.299259
     0.00000   0.00750000   0.00250000      0.75829      0.374152
     0.00000   0.00750000   0.00250000      0.75829      0.448928
     0.00000   0.00750000   0.00250000      0.75829      0.523825
     0.00000   0.00750000   0.00250000      0.830507      -0.523708
     0.00000   0.00750000   0.00250000      0.830507      -0.44874
     0.00000   0.00750000   0.00250000      0.830507      -0.373952
     0.00000   0.00750000   0.00250000      0.830507      -0.299145
     0.00000   0.00750000   0.00250000      0.830507      -0.224287
     0.00000   0.00750000   0.00250000      0.830507      -0.149517
     0.00000   0.00750000   0.00250000      0.830507      -0.0747141
     0.00000   0.00750000   0.00250000      0.830507      9.96674e-05
     0.00000   0.00750000   0.00250000      0.830507      0.0748764
     0.00000   0.00750000   0.00250000      0.830507      0.149624
     0.00000   0.00750000   0.00250000      0.830507      0.224459
     0.00000   0.00750000   0.00250000      0.830507      0.299299
     0.00000   0.00750000   0.00250000      0.830507      0.374152
     0.00000   0.00750000   0.00250000      0.830507      0.4489
     0.00000   0.00750000   0.00250000      0.830507      0.52369
     0.00000   0.00750000   0.00250000      0.902724      -0.523653
     0.00000   0.00750000   0.00250000      0.902724      -0.448713
     0.00000   0.00750000   0.00250000      0.902724      -0.373926
     0.00000   0.00750000   0.00250000      0.902724      -0.299132
     0.00000   0.00750000   0.00250000      0.902724      -0.224338
     0.00000   0.00750000   0.00250000      0.902724      -0.149504
     0.00000   0.00750000   0.00250000      0.902724      -0.0747141
     0.00000   0.00750000   0.00250000      0.902724      6.21671e-05
     0.00000   0.00750000   0.00250000      0.902724      0.0749269
     0.00000   0.00750000   0.00250000      0.902724      0.14965
     0.00000   0.00750000   0.00250000      0.902724      0.224538
     0.00000   0.00750000   0.00250000      0.902724      0.299312
     0.00000   0.00750000   0.00250000      0.902724      0.374138
     0.00000   0.00750000   0.00250000      0.902724      0.448871
     0.00000   0.00750000   0.00250000      0.902724      0.52369
     0.00000   0.00750000   0.00250000      0.974965      -0.523611
     0.00000   0.00750000   0.00250000      0.974965      -0.448659
     0.00000   0.00750000   0.00250000      0.974965      -0.373939
     0.00000   0.00750000   0.00250000      0.974965      -0.299145
     0.00000   0.00750000   0.00250000      0.974965      -0.224338
     0.00000   0.00750000   0.00250000      0.974965      -0.149479
     0.00000   0.00750000   0.00250000      0.974965      -0.0747016
     0.00000   0.00750000   0.00250000      0.974965      9.96674e-05
     0.00000   0.00750000   0.00250000      0.974965      0.0749395
     0.00000   0.00750000   0.00250000      0.974965      0.149637
     0.00000   0.00750000   0.00250000      0.974965      0.224485
     0.00000   0.00750000   0.00250000      0.974965      0.299205
     0.00000   0.00750000   0.00250000      0.974965      0.374096
     0.00000   0.00750000   0.00250000      0.974965      0.448871
     0.00000   0.00750000   0.00250000      0.974965      0.52375
     0.00000   0.00750000   0.00250000      1.04733      -0.523653
     0.00000   0.00750000   0.00250000      1.04735      -0.448726
     0.00000   0.00750000   0.00250000      1.04749      -0.373952
     0.00000   0.00750000   0.00250000      1.04728      -0.299094
     0.00000   0.00750000   0.00250000      1.04725      -0.224325
     0.00000   0.00750000   0.00250000      1.04725      -0.149504
     0.00000   0.00750000   0.00250000      1.04725      -0.0747016
     0.00000   0.00750000   0.00250000      1.04725      8.71673e-05
     0.00000   0.00750000   0.00250000      1.04725      0.0749143
     0.00000   0.00750000   0.00250000      1.04725      0.14965
     0.00000   0.00750000   0.00250000      1.04725      0.224446
     0.00000   0.00750000   0.00250000      1.04725      0.299285
     0.00000   0.00750000   0.00250000      1.04725      0.374083
     0.00000   0.00750000   0.00250000      1.04725      0.448885
     0.00000   0.00750000   0.00250000      1.04725      0.523705
     0.00000   0.00750000   0.00250000      -2.39684e-05      0.000512178
