  0.115895   0.159388   0.510318   0.998548 -0.0106552 -0.0490064  0.0196827
  0.143013   0.160044   0.514999   0.998539 -0.0103551  -0.049231  0.0197132
  0.170758   0.159258   0.519779   0.998514 -0.0106299 -0.0497134  0.0196128
   0.19777    0.16042   0.524617   0.998509 -0.0101601 -0.0498969  0.0196518
   0.22694    0.16036   0.529758   0.998456 -0.0101604 -0.0510115   0.019482
  0.254504   0.160605   0.534668   0.998436 -0.0100355  -0.051452  0.0194261
 0.0926208   0.168065    0.48026   0.998576 -0.0103179 -0.0484544  0.0197811
  0.121395   0.167321   0.485138   0.998532 -0.0105583   -0.04935  0.0196526
  0.148403   0.167173   0.489833   0.998524 -0.0105661 -0.0495255  0.0196139
  0.175942   0.167783   0.494682   0.998507 -0.0102757 -0.0499556  0.0195788
  0.202843   0.168005   0.499445   0.998501 -0.0101616 -0.0501017  0.0195587
  0.232168   0.167593   0.504538   0.998443 -0.0103247 -0.0512732  0.0193719
  0.259729   0.168214   0.509494   0.998423  -0.010065 -0.0517364   0.019342
   0.288346    0.170049    0.514714    0.998383 -0.00930376  -0.0526794   0.0192174
 0.0966626    0.17543   0.455011   0.998587 -0.0104272  -0.048213  0.0197916
  0.126537   0.174672   0.459982   0.998522 -0.0106786  -0.049573  0.0195546
  0.153434   0.175236   0.464739   0.998517 -0.0104027  -0.049724  0.0195687
  0.180107   0.175657   0.469418   0.998516  -0.010193 -0.0497853  0.0195819
  0.208776   0.175628   0.474433   0.998475 -0.0101821 -0.0506759  0.0194135
  0.236685   0.175774   0.479355   0.998445 -0.0101007 -0.0512968  0.0193474
  0.264535   0.175984   0.484335   0.998418  -0.010008 -0.0518725   0.019247
   0.292738    0.177022     0.48939    0.998385 -0.00957064  -0.0526291   0.0191331
  0.101532   0.183129   0.429884   0.998582 -0.0103961 -0.0483243  0.0197616
  0.130788   0.182722    0.43485    0.99853  -0.010505 -0.0494442  0.0195693
  0.158096   0.182587   0.439573   0.998515 -0.0105157 -0.0497679  0.0195157
  0.185921    0.18315    0.44445   0.998493 -0.0102431 -0.0503084  0.0193988
   0.21352   0.183012   0.449343    0.99847 -0.0102861 -0.0507732   0.019314
   0.24042   0.183336   0.454121   0.998461 -0.0101278 -0.0509771  0.0193292
   0.268952    0.183781    0.459188     0.99842 -0.00992953  -0.0518751   0.0191717
   0.297155    0.184103    0.464182    0.998386 -0.00978465  -0.0526133   0.0190165
  0.106756    0.19093   0.404939   0.998571 -0.0103081  -0.048609  0.0196884
  0.134861   0.190531   0.409729   0.998541 -0.0104125 -0.0492463  0.0195751
  0.161669   0.190535   0.414381   0.998535 -0.0103638 -0.0493803  0.0195402
  0.189926   0.191046   0.419324   0.998503 -0.0101279 -0.0501171  0.0194177
  0.217895   0.191124    0.42424   0.998476 -0.0100603 -0.0507248  0.0192688
   0.245664    0.191271    0.429193    0.998448 -0.00998418  -0.0513086   0.0191976
   0.273606    0.192115    0.434215     0.99842 -0.00962332  -0.0519619   0.0190868
  0.271754   0.175293   0.433244   0.998849 -0.0165428 -0.0400045  0.0206556
   0.11201   0.198366   0.379983   0.998558 -0.0103509 -0.0488872  0.0196135
  0.138624   0.198405   0.384602   0.998556 -0.0102752 -0.0489454   0.019622
  0.16593  0.198606  0.389354  0.998541 -0.010147 -0.049291 0.0195582
   0.19373   0.198432   0.394191   0.998517  -0.010186 -0.0498358  0.0194101
  0.221117   0.198675   0.399029   0.998501 -0.0100438 -0.0502134  0.0193134
   0.249897    0.198879    0.404116    0.998454 -0.00994322  -0.0512207   0.0191362
  0.277628   0.199674   0.409076   0.998431 -0.0095937 -0.0517841  0.0190327
   0.305449    0.199885    0.414066    0.998403 -0.00949592  -0.0523915   0.0189039
  0.117192   0.205815   0.355083   0.998545 -0.0103576 -0.0491564  0.0195446
  0.142941   0.206318   0.359621   0.998562 -0.0100907  -0.048879  0.0195878
   0.170445    0.206591    0.364406    0.998543 -0.00993739  -0.0493173   0.0194993
  0.197617   0.206073    0.36911    0.99853 -0.0101101 -0.0496019  0.0193858
   0.226268    0.206857    0.374188    0.998491 -0.00975712   -0.050509   0.0192132
   0.255057    0.206774    0.379256    0.998443 -0.00976286  -0.0515277   0.0190047
   0.282572    0.207201    0.384145    0.998423 -0.00956728  -0.0519991   0.0188726
   0.308745    0.207848    0.388892    0.998429 -0.00927261  -0.0519233   0.0188857
   0.146772    0.214119    0.334624    0.998576 -0.00996979  -0.0486067   0.0195745
   0.175378    0.214105    0.339553    0.998537 -0.00992478  -0.0494828   0.0193993
   0.201535    0.214006    0.344136    0.998543 -0.00992319  -0.0493737   0.0193944
   0.230435    0.214025    0.349173    0.998497 -0.00988152  -0.0503923   0.0191351
   0.258743    0.214162    0.354167    0.998459 -0.00980355   -0.051216   0.0189878
   0.286809     0.21498    0.359208    0.998429 -0.00943754  -0.0519316   0.0188009
  0.118643   0.122458   0.499888   0.998526 -0.0104338 -0.0495236  0.0196068
  0.145127   0.122543   0.504486   0.998529 -0.0103505  -0.049466  0.0196309
  0.172251   0.122418   0.509212   0.998518 -0.0103712 -0.0496862   0.019612
  0.201231    0.12236   0.514301   0.998473 -0.0103596  -0.050675  0.0194209
  0.229608   0.122594   0.519304   0.998434 -0.0102586 -0.0514723  0.0193489
   0.255018     0.12328    0.523997    0.998458 -0.00997014  -0.0510205   0.0194906
 0.0951448     0.1307   0.469827   0.998557  -0.010275 -0.0488717  0.0197286
  0.121764   0.130128    0.47444   0.998555   -0.01045 -0.0488806  0.0197114
  0.149983   0.130469   0.479341   0.998526 -0.0102536 -0.0495644   0.019607
  0.177221   0.129864   0.484048   0.998511 -0.0104627 -0.0498412  0.0195399
  0.205514   0.130158      0.489   0.998479 -0.0103061  -0.050564  0.0194112
  0.233893   0.130307    0.49402    0.99844 -0.0102322 -0.0513606  0.0193472
    0.25995    0.130904    0.498757     0.99845 -0.00997607  -0.0511952   0.0193975
   0.287616    0.132042    0.503789    0.998429 -0.00950364  -0.0517217   0.0193423
 0.0997929    0.13855   0.444689   0.998557 -0.0101961 -0.0488911  0.0197523
  0.126208   0.137501   0.449218   0.998558 -0.0105546 -0.0488158  0.0197019
  0.154358   0.138226   0.454124    0.99853 -0.0102113 -0.0494906  0.0196197
  0.180896   0.137372   0.458712   0.998528 -0.0105184 -0.0494799  0.0195484
  0.210386   0.137864    0.46387   0.998474 -0.0102905 -0.0506876  0.0193629
   0.237918    0.138655    0.468817    0.998452 -0.00993444  -0.0511769   0.0193792
   0.265926    0.138695    0.473775    0.998423 -0.00990817  -0.0518142   0.0192106
   0.292436    0.139693    0.478619    0.998423 -0.00949234  -0.0518777   0.0192577
  0.103561   0.145963   0.419401   0.998572 -0.0102713 -0.0485476  0.0197726
  0.131475   0.145453   0.424204   0.998546 -0.0104141  -0.049106  0.0196235
  0.158553   0.145718   0.428938   0.998538 -0.0102524 -0.0493346  0.0195874
  0.184181    0.14531   0.433423   0.998554 -0.0103877 -0.0489641  0.0196288
  0.214142    0.14608    0.43867   0.998491 -0.0100419 -0.0504002  0.0193594
  0.243182   0.145648   0.443725   0.998436 -0.0102028 -0.0514895  0.0192214
   0.269688    0.146714    0.448563    0.998439 -0.00973842  -0.0515398   0.0192103
   0.297226      0.1473    0.453489    0.998419 -0.00948085  -0.0520031   0.0191121
   0.10861    0.15384   0.394441   0.998566 -0.0101455 -0.0487464  0.0196903
  0.135757   0.153403   0.399119   0.998553 -0.0102671 -0.0489978  0.0196266
    0.1633   0.153346   0.403882   0.998534 -0.0102392 -0.0494297  0.0195174
  0.190056     0.1531   0.408568    0.99853 -0.0103106 -0.0495289  0.0194664
  0.218506   0.153546    0.41355   0.998495  -0.010093 -0.0503388  0.0193001
    0.24737    0.154078    0.418639    0.998448 -0.00985126  -0.0513738   0.0191326
  0.273952   0.154599    0.42348   0.998446 -0.0096233 -0.0514478  0.0191536
   0.301879    0.154819    0.428435    0.998416 -0.00950168   -0.052101   0.0189988
  0.112375   0.161299   0.369287    0.99858 -0.0101847  -0.048416   0.019743
  0.140227   0.161028   0.374079   0.998556 -0.0102299 -0.0489664   0.019597
  0.167589   0.161038   0.378813   0.998539 -0.0101929  -0.049341  0.0195162
  0.194752   0.161105   0.383559   0.998527 -0.0101357 -0.0496293  0.0194494
   0.223694    0.161762    0.388644    0.998482 -0.00983296  -0.0506594   0.0192353
   0.252013    0.162102    0.393688    0.998445 -0.00966475  -0.0514696   0.0190896
    0.28029    0.162238    0.398718    0.998409 -0.00955963  -0.0522478   0.0189051
   0.306168    0.163069    0.403426    0.998422 -0.00923425  -0.0520559   0.0189406
  0.117237   0.168331   0.344321   0.998572 -0.0103862 -0.0485752  0.0196373
  0.144124   0.169146   0.349044   0.998567 -0.0100225 -0.0487475  0.0196709
  0.172464   0.168392   0.353863   0.998532 -0.0102498 -0.0495006  0.0194449
  0.198762   0.168341   0.358474   0.998536 -0.0102377 -0.0494415   0.019411
  0.227506   0.168303   0.363502   0.998493 -0.0102072 -0.0503838  0.0191873
   0.256692    0.169236    0.368697    0.998441 -0.00980395  -0.0515693    0.018989
   0.283977    0.170005    0.373605    0.998426 -0.00947804  -0.0519518   0.0188965
   0.310541    0.169463    0.378313    0.998422 -0.00966041  -0.0520342   0.0188031
   0.149149    0.176814    0.324191     0.99856 -0.00994293  -0.0489787   0.0195113
  0.176216   0.176178   0.328834   0.998548 -0.0101309 -0.0492164  0.0194384
   0.203391    0.176988    0.333658    0.998536 -0.00977469  -0.0495469   0.0193737
   0.231429      0.1768    0.338537    0.998507 -0.00980404  -0.0501947   0.0191823
   0.261347    0.176598    0.343743    0.998437 -0.00985575  -0.0516732   0.0188854
  0.286059   0.176009   0.348229   0.998445 -0.0100478 -0.0510818   0.018861
  0.120293  0.0854186   0.489347   0.998523  -0.010262 -0.0495974  0.0196491
  0.146387  0.0852392     0.4939   0.998534 -0.0102831 -0.0493614   0.019693
  0.173567  0.0852831   0.498697   0.998523 -0.0102315 -0.0496117  0.0196575
  0.202626  0.0850778   0.503743   0.998475 -0.0102862 -0.0506216  0.0194633
   0.229596   0.0861589    0.508658     0.99847 -0.00981708  -0.0508165   0.0194652
  0.257128  0.0855751   0.513434   0.998449 -0.0100443 -0.0512153  0.0193745
 0.0975294  0.0934227   0.459399   0.998541 -0.0101864 -0.0492378  0.0196695
  0.124201  0.0928758   0.464018   0.998539 -0.0103464 -0.0492616   0.019656
  0.151259  0.0930555    0.46874   0.998531 -0.0102277  -0.049457  0.0196342
  0.178054  0.0928478    0.47342   0.998526 -0.0102765 -0.0495568  0.0196149
  0.207117  0.0929279   0.478477   0.998478 -0.0102087 -0.0506019  0.0194178
    0.23299   0.0939051    0.483238    0.998492 -0.00978101  -0.0503618    0.019527
   0.26221   0.093704   0.488309   0.998439 -0.0098521  -0.051485  0.0192741
   0.287901   0.0943862     0.49301    0.998458 -0.00955969  -0.0511513   0.0193545
  0.101042   0.101173   0.434075   0.998563 -0.0101456 -0.0487825   0.019714
  0.128803   0.100828    0.43884    0.99854 -0.0102229 -0.0492816  0.0196275
   0.15594   0.101256   0.443595    0.99853 -0.0100052 -0.0495227    0.01962
  0.183191   0.100317   0.448329   0.998514 -0.0103487 -0.0498095  0.0195117
  0.212192   0.100807   0.453477    0.99847 -0.0101196 -0.0508203  0.0193002
  0.238612   0.100681     0.4581   0.998469 -0.0101388 -0.0508157  0.0193311
  0.266947   0.101502   0.463139   0.998436 -0.0097878 -0.0515976  0.0191855
   0.294025    0.102326    0.468039    0.998426 -0.00943636  -0.0518667   0.0191596
  0.106348   0.108695   0.409036    0.99855 -0.0101934 -0.0490823  0.0196431
  0.132987   0.108487   0.413658   0.998549 -0.0102042 -0.0491062  0.0196144
  0.160447   0.108722   0.418472   0.998532 -0.0100628 -0.0494914   0.019572
  0.187553   0.108123   0.423178    0.99852 -0.0102749 -0.0497347   0.019474
   0.217582    0.108793      0.4284    0.998455 -0.00996554  -0.0511835   0.0191925
  0.244134   0.108416   0.433141   0.998452 -0.0100971 -0.0512384  0.0191637
   0.270909    0.109575    0.437987    0.998448 -0.00959071  -0.0514087   0.0191555
   0.298368    0.109877    0.442865    0.998428 -0.00945184  -0.0518382   0.0190891
  0.111085   0.116069   0.383949   0.998548 -0.0102595 -0.0491341  0.0195624
  0.137671   0.116048    0.38858   0.998547  -0.010196 -0.0491605  0.0195968
   0.165473     0.11663    0.393487    0.998524 -0.00994458  -0.0497059    0.019502
  0.191823   0.115195   0.397952   0.998525 -0.0104673 -0.0496224  0.0193943
  0.220697   0.115858   0.403055   0.998482 -0.0101612 -0.0506044  0.0192029
  0.249068   0.115912   0.408098   0.998444 -0.0101149 -0.0514215  0.0190487
    0.27462    0.117213    0.412784    0.998464 -0.00957413  -0.0510935   0.0191433
   0.303039    0.117499    0.417845    0.998426 -0.00942814  -0.0519368   0.0189734
  0.115387   0.123916   0.358928   0.998553 -0.0101528 -0.0490452  0.0195762
  0.141452    0.12379   0.363468   0.998562 -0.0101376 -0.0488481   0.019624
 0.169436  0.123536  0.368293  0.998535 -0.010197 -0.049453 0.0194556
  0.196708   0.123369   0.373052   0.998521 -0.0102219 -0.0497896  0.0193103
  0.224991   0.123717   0.378033   0.998487 -0.0100408 -0.0505496  0.0191784
   0.252981    0.124093    0.383004    0.998457 -0.00986148  -0.0512117   0.0190655
   0.279903    0.124832    0.387856    0.998449 -0.00953098  -0.0514525   0.0190054
    0.30801     0.12531     0.39289    0.998418 -0.00931436  -0.0521687   0.0187983
  0.119756   0.131611   0.333935   0.998556 -0.0100904 -0.0489952  0.0195821
  0.145898   0.131241    0.33847   0.998563 -0.0101732 -0.0488338  0.0195898
  0.173664   0.130929   0.343241   0.998539 -0.0102605  -0.049367  0.0194328
  0.201162   0.131374   0.348095   0.998522  -0.010023 -0.0498004  0.0193037
   0.229984    0.131382    0.353107    0.998478 -0.00998559  -0.0507738   0.0190903
   0.257549     0.13154    0.357995    0.998455 -0.00988826  -0.0512775   0.0189851
   0.283966     0.13245    0.362821    0.998458 -0.00948549  -0.0513032   0.0189526
   0.31157   0.132298   0.367712   0.998434 -0.0095296 -0.0518199  0.0188116
  0.150775   0.139108    0.31363   0.998557 -0.0100306 -0.0490217  0.0195071
  0.178316    0.13867   0.318342   0.998538 -0.0101558 -0.0494441  0.0193463
  0.205702   0.138906   0.323143   0.998522 -0.0100109 -0.0498361  0.0192251
   0.233694    0.138949    0.328037    0.998493 -0.00995172  -0.0504829   0.0190764
   0.262059    0.139375    0.333082    0.998455 -0.00973908  -0.0513309   0.0188958
   0.289565    0.139843    0.338002    0.998436 -0.00951545  -0.0518103   0.0187486
  0.121661  0.0480586   0.478768   0.998527 -0.0101934   -0.04954    0.01964
  0.148932  0.0478417   0.483472   0.998515 -0.0102315 -0.0497894  0.0195984
  0.176337  0.0481689   0.488308   0.998502 -0.0100475 -0.0501087  0.0195464
   0.20367  0.0481693   0.493111   0.998488 -0.0100148 -0.0503994  0.0195121
   0.230614   0.0483954     0.49793    0.998482 -0.00989603  -0.0505592   0.0194708
   0.258639    0.048904    0.502921    0.998455 -0.00967677  -0.0511732   0.0193762
  0.097859  0.0563525   0.448673   0.998564 -0.0100182 -0.0487632  0.0197764
  0.125744  0.0551714   0.453428   0.998539 -0.0104289  -0.049269  0.0196083
   0.155422   0.0570535    0.458695    0.998484 -0.00960573  -0.0505746   0.0195054
  0.180392  0.0554534   0.462967   0.998511 -0.0102229 -0.0498826  0.0195479
   0.209546   0.0568029    0.468134    0.998465 -0.00962531   -0.050972   0.0194053
  0.236544  0.0560994   0.472908   0.998456 -0.0098881 -0.0511462  0.0192949
    0.26434   0.0563149    0.477818    0.998432 -0.00977925  -0.0516814    0.019162
   0.299127   0.0595104    0.483934    0.998262 -0.00845272  -0.0551492   0.0186422
  0.103792  0.0635839   0.423648    0.99854 -0.0101816 -0.0492912  0.0196241
   0.13025  0.0633706   0.428267   0.998541 -0.0102083 -0.0492513  0.0196214
    0.15894   0.0639154    0.433284    0.998502 -0.00993561  -0.0501481   0.0194971
  0.184784   0.063019   0.437704   0.998515 -0.0102662 -0.0498296   0.019501
   0.214247   0.0637808    0.442914    0.998462 -0.00991572  -0.0510164   0.0192853
   0.240805   0.0641725    0.447686    0.998464 -0.00970787  -0.0510528   0.0192324
   0.268672   0.0646366    0.452648    0.998437 -0.00951305  -0.0516347   0.0191521
   0.307856    0.067934    0.459387    0.998173 -0.00810459  -0.0569407    0.018234
  0.107513  0.0707983   0.398361   0.998556 -0.0103331 -0.0489241  0.0196541
  0.134776  0.0709296   0.403099   0.998544  -0.010224 -0.0492153  0.0195883
  0.162624  0.0713227   0.407985   0.998521 -0.0100215 -0.0497633  0.0194741
  0.189728   0.070467   0.412609   0.998508 -0.0103374 -0.0499863  0.0194006
  0.217878  0.0712756   0.417652   0.998481 -0.0099666 -0.0506492  0.0192511
  0.245025  0.0709226   0.422456   0.998467 -0.0100765 -0.0509404  0.0191391
   0.272916   0.0719937    0.427454    0.998441 -0.00961218  -0.0515576   0.0190811
  0.318051  0.0782936   0.435249   0.998053 -0.0069766 -0.0593652   0.017812
    0.11218   0.0792658    0.373387    0.998557 -0.00998567  -0.0489742   0.0196504
  0.138306  0.0789921   0.377938   0.998564 -0.0100399 -0.0488089   0.019674
   0.16631  0.0786349   0.382734   0.998537 -0.0101422 -0.0493998  0.0195126
   0.19431   0.078208   0.387558   0.998508 -0.0102874 -0.0500172  0.0193324
   0.222049   0.0789812    0.392529    0.998488 -0.00992006  -0.0505269   0.0192244
   0.248959   0.0787829    0.397307    0.998479 -0.00997103  -0.0507315    0.019145
   0.277523    0.079822    0.402396    0.998441 -0.00951725  -0.0516274    0.018986
   0.324782   0.0872945    0.410625    0.998003 -0.00639267  -0.0603423   0.0175714
   0.11689  0.0866301   0.348345   0.998554 -0.0100766 -0.0490395  0.0195654
   0.143139   0.0867383    0.352939     0.99856 -0.00996678  -0.0489189   0.0196104
  0.170555  0.0861411    0.35767   0.998543  -0.010169 -0.0492895  0.0194626
  0.199641  0.0856648   0.362677   0.998493 -0.0103263 -0.0503647  0.0191801
   0.226106   0.0864767    0.367412    0.998496 -0.00994997  -0.0503728   0.0191933
   0.254141   0.0863732    0.372359    0.998465 -0.00995499  -0.0510517   0.0190207
   0.280771   0.0869165    0.377154    0.998464 -0.00970495  -0.0511404   0.0189842
  0.328987  0.0948859   0.385573    0.99801 -0.0063711 -0.0602479  0.0174779
   0.12144  0.0942739   0.323392   0.998554 -0.0100281 -0.0490564  0.0195665
  0.147546  0.0940191   0.327924   0.998563 -0.0100672 -0.0488712  0.0195646
   0.17484  0.0939501   0.332686   0.998549 -0.0100468  -0.049216  0.0194309
   0.20344  0.0938196   0.337621   0.998509  -0.010063 -0.0501002  0.0192059
  0.229977  0.0940164   0.342329   0.998509 -0.0099407 -0.0501314   0.019155
  0.258309  0.0942423   0.347358   0.998473 -0.0098025 -0.0509453  0.0189616
   0.286075   0.0949054    0.352343    0.998449 -0.00949596  -0.0515257   0.0188228
   0.334363    0.103064    0.360729    0.997988 -0.00608976  -0.0606739   0.0173591
   0.151817    0.101811    0.303032    0.998568 -0.00994717  -0.0488079    0.019524
   0.179924    0.101559    0.307836    0.998538 -0.00999819  -0.0494786    0.019332
  0.207451   0.101286   0.312607   0.998519 -0.0100642 -0.0499096  0.0191741
   0.234671    0.101522    0.317445    0.998505 -0.00992345  -0.0502473   0.0190742
   0.262519    0.101802    0.322364    0.998479 -0.00976347   -0.050868   0.0189034
    0.29054    0.102521    0.327384     0.99845 -0.00942678  -0.0515526   0.0187295
  0.122968  0.0105577   0.468157   0.998534 -0.0101609 -0.0494132  0.0196405
  0.150798  0.0103585    0.47295   0.998511 -0.0101919  -0.049894  0.0195352
  0.177594  0.0103489   0.477648   0.998508 -0.0101522  -0.049955  0.0195529
   0.206432    0.011218    0.482746    0.998468 -0.00976386  -0.0508929    0.019404
   0.233064   0.0114997     0.48754    0.998467 -0.00962126   -0.050932   0.0194081
  0.260792  0.0114876   0.492439   0.998443 -0.0096286 -0.0514182  0.0193482
  0.099505  0.0188042   0.438088   0.998563 -0.0100216 -0.0487943  0.0197694
  0.126706  0.0184337   0.442773   0.998553 -0.0100914   -0.04902  0.0196877
  0.156092  0.0183904   0.447805     0.9985 -0.0100564  -0.050174  0.0194805
  0.181412  0.0177782   0.452256   0.998523 -0.0102655 -0.0496359  0.0195474
   0.210574   0.0186503    0.457433    0.998476 -0.00985221  -0.0507357   0.0193585
   0.236765   0.0189572    0.462119    0.998484 -0.00970595  -0.0505958   0.0193935
   0.266353   0.0185378    0.467259    0.998421 -0.00986537  -0.0518737   0.0191402
   0.293171   0.0196887    0.472175    0.998418 -0.00942106  -0.0520261   0.0191366
  0.104494  0.0262547   0.412953   0.998556 -0.0100906  -0.048953  0.0197046
   0.131115   0.0266451     0.41761    0.998557 -0.00989081  -0.0489679   0.0196962
    0.15945   0.0263127    0.422464    0.998524 -0.00996332  -0.0496799   0.0195347
  0.187321  0.0259099   0.427294   0.998499 -0.0100922 -0.0502234  0.0194029
   0.213985   0.0265777    0.432096    0.998501 -0.00977791  -0.0502468   0.0193933
   0.241138   0.0271831    0.436973     0.99849 -0.00948609  -0.0505421   0.0193308
    0.27092   0.0265117    0.442108    0.998421 -0.00976025   -0.051916   0.0190816
   0.297731   0.0274589    0.446999    0.998418 -0.00935074  -0.0520875   0.0190228
   0.108964   0.0348581    0.387803    0.998561 -0.00972518  -0.0489067   0.0197427
  0.136757  0.0334132   0.392586   0.998535 -0.0102281 -0.0494034  0.0195473
  0.163584   0.033812   0.397279   0.998532 -0.0100301 -0.0495201  0.0195304
  0.191285  0.0336281   0.402075   0.998511 -0.0100623 -0.0499925  0.0193929
    0.21784   0.0342058    0.406893    0.998513 -0.00978345  -0.0499953   0.0193908
   0.246975   0.0345033    0.412002    0.998464 -0.00963223  -0.0510976   0.0191071
   0.275438    0.034273    0.416972    0.998422 -0.00971448  -0.0519521   0.0189765
   0.302523   0.0352772    0.421922    0.998413 -0.00927053  -0.0522352    0.018899
   0.113979   0.0420091    0.362836    0.998551 -0.00990919  -0.0491001   0.0196715
   0.140651   0.0416463    0.367453    0.998549 -0.00998718  -0.0491447   0.0195964
  0.168384  0.0414752   0.372248   0.998527 -0.0100077 -0.0496494  0.0194736
    0.19488   0.0415128    0.376921     0.99853 -0.00994841  -0.0496202   0.0194243
   0.223129   0.0420199    0.381905    0.998499 -0.00970002   -0.050332   0.0192717
   0.250788   0.0422631    0.386829    0.998478 -0.00956743  -0.0508428   0.0191122
    0.27902   0.0419424     0.39179    0.998442 -0.00968099  -0.0515838   0.0189519
    0.31058   0.0443512    0.397411    0.998345 -0.00866712  -0.0537405   0.0185622
   0.119347   0.0495347    0.337902    0.998536 -0.00993277  -0.0494409   0.0195671
   0.14507  0.0488838   0.342369   0.998552 -0.0101274 -0.0490852  0.0195503
   0.172063   0.0495017    0.347134    0.998546 -0.00982531  -0.0492882   0.0194986
   0.200199   0.0490248     0.35198    0.998515 -0.00997497  -0.0499612   0.0192894
    0.22706   0.0495047    0.356793     0.99851 -0.00973769  -0.0501199    0.019245
   0.255556   0.0496147    0.361812    0.998472 -0.00965082  -0.0509867   0.0190034
   0.29039  0.0523115   0.367911     0.9983  -0.008517 -0.0544947  0.0183848
   0.319329   0.0535187    0.373057    0.998259 -0.00799375  -0.0555543   0.0181454
  0.123125  0.0572697   0.312856   0.998551 -0.0098533 -0.0491402  0.0195738
    0.14982   0.0567686    0.317454    0.998548 -0.00998617  -0.0492036   0.0195212
  0.177087  0.0565672   0.322192   0.998536 -0.0100163  -0.049509  0.0193742
   0.203955   0.0572171    0.326933    0.998531 -0.00970334  -0.0496823   0.0193008
   0.231292   0.0567455    0.331713    0.998515 -0.00985047  -0.0500321   0.0191605
   0.260475   0.0568202    0.336873    0.998464 -0.00977456  -0.0511822   0.0188468
   0.312062    0.065917    0.345834    0.997929 -0.00597407  -0.0617123    0.017131
   0.327132   0.0620577    0.348623    0.998188 -0.00755724  -0.0569856   0.0177993
   0.153945   0.0642627    0.292485    0.998556 -0.00999364  -0.0490603   0.0194792
    0.18052   0.0643853    0.297122    0.998556 -0.00988543  -0.0490954   0.0194391
   0.208399    0.064284    0.301989    0.998531 -0.00987504    -0.04969    0.019223
   0.236936   0.0639858    0.306931    0.998493 -0.00995476  -0.0505373   0.0189528
   0.264411   0.0643287    0.311858    0.998474 -0.00975836  -0.0510105   0.0187917
  0.318215  0.0739671   0.321234   0.997887 -0.0057245 -0.0624665  0.0169237
  0.124759 -0.0264165   0.457636   0.998531 -0.0099558 -0.0495203  0.0196047
  0.152257 -0.0271146   0.462346   0.998513 -0.0101947 -0.0498543  0.0195771
   0.179325  -0.0260974     0.46719    0.998508 -0.00973134  -0.0500547   0.0195512
    0.20697  -0.0256235    0.472094    0.998489 -0.00950137  -0.0505007    0.019492
   0.234711  -0.0255429    0.477009    0.998467 -0.00944757  -0.0509899   0.0193702
   0.262732  -0.0257608    0.481956    0.998437 -0.00953363  -0.0516057   0.0192474
   0.100704  -0.0185098    0.427491     0.99857 -0.00995419  -0.0486528   0.0197925
  0.129566 -0.0189172   0.432392   0.998529 -0.0100374  -0.049565  0.0195779
  0.156565 -0.0191902   0.437079    0.99852    -0.0101 -0.0497265  0.0195702
   0.183632  -0.0188033    0.441884    0.998513 -0.00989547  -0.0499343   0.0194902
   0.211165  -0.0183843    0.446744    0.998497 -0.00968035  -0.0503266   0.0194219
   0.238454  -0.0181564    0.451614    0.998482 -0.00956717  -0.0506614   0.0193661
  0.266229 -0.0177371   0.456583   0.998459 -0.0093876 -0.0511924  0.0192566
   0.293956  -0.0178513     0.46149    0.998434 -0.00944642  -0.0517134   0.0191543
   0.106257  -0.0105175    0.402444    0.998555 -0.00980872  -0.0490319   0.0197073
   0.134411  -0.0109436    0.407289    0.998525 -0.00991942  -0.0496693   0.0195375
   0.160706   -0.011097    0.411853     0.99853 -0.00993259  -0.0495566   0.0195712
   0.187716  -0.0111962    0.416632    0.998523 -0.00992324   -0.049735   0.0194948
   0.214622 -0.00985522    0.421541    0.998521 -0.00934336  -0.0498817   0.0194915
   0.244225  -0.0108197    0.426599    0.998459 -0.00970302  -0.0511718   0.0191577
   0.270458  -0.0102719    0.431338    0.998465 -0.00947203  -0.0510917   0.0191922
     0.2982  -0.0101287    0.436244     0.99844 -0.00940709  -0.0516299   0.0190797
   0.110746 -0.00302533    0.377306    0.998557 -0.00987427  -0.0489916    0.019671
   0.138054  -0.0031965    0.382068    0.998543 -0.00987657  -0.0493062   0.0195973
   0.166157  -0.0034967    0.386868    0.998513 -0.00994848  -0.0499441   0.0194347
   0.193336   -0.003309    0.391673    0.998504 -0.00982564  -0.0502021   0.0193352
   0.219061  -0.0020738    0.396384    0.998523 -0.00928085  -0.0498724   0.0194325
   0.248523 -0.00270178     0.40148    0.998465 -0.00951432  -0.0511002   0.0191316
   0.274799 -0.00215433    0.406174     0.99847 -0.00927328  -0.0510396   0.0191382
   0.303156 -0.00234919    0.411201    0.998432 -0.00933207  -0.0518498   0.0189397
   0.116177  0.00474466    0.352371    0.998541 -0.00981179  -0.0493518   0.0195959
   0.143803   0.0046909    0.357162    0.998521 -0.00976485   -0.049794   0.0195151
   0.170801  0.00427959    0.361816    0.998513 -0.00988184  -0.0499819   0.0193924
   0.198544  0.00471671    0.366712    0.998493 -0.00965938  -0.0504784   0.0192486
    0.22483  0.00511313    0.371379    0.998499 -0.00945824  -0.0503873   0.0192487
   0.252427  0.00495707    0.376307    0.998477 -0.00948776  -0.0508721   0.0191024
   0.280027  0.00515927    0.381202    0.998456 -0.00938865  -0.0513625   0.0189561
   0.307962   0.0054971    0.386191    0.998427 -0.00923713  -0.0519964   0.0188054
   0.121175    0.012109    0.327392    0.998533 -0.00989785  -0.0495349   0.0195213
   0.148084   0.0119828    0.332047    0.998526 -0.00988475  -0.0496818   0.0194774
   0.174907   0.0120558    0.336733    0.998523 -0.00979908  -0.0498072   0.0193823
   0.202431    0.012368    0.341589    0.998505 -0.00962427  -0.0502386   0.0192453
   0.229888   0.0125207    0.346422    0.998489 -0.00951742  -0.0506338   0.0191099
   0.257064   0.0127285    0.351303    0.998476 -0.00939583  -0.0509599   0.0190059
   0.284724   0.0124127    0.356146    0.998452 -0.00950917  -0.0514658   0.0188458
   0.312277   0.0132216    0.361125    0.998433 -0.00915026  -0.0519545   0.0186933
   0.124716   0.0201587    0.302308    0.998553 -0.00969351  -0.0491341   0.0196027
   0.152506   0.0199709    0.307089     0.99853 -0.00969776  -0.0496496   0.0194558
   0.178991   0.0192929    0.311674     0.99853 -0.00992388   -0.049641   0.0193496
   0.205811   0.0195968    0.316415    0.998526 -0.00975746  -0.0497862   0.0192731
   0.234261   0.0197159    0.321413     0.99849 -0.00965394  -0.0506188   0.0190195
   0.262095   0.0193001    0.326299    0.998463 -0.00977492  -0.0512007   0.0188235
   0.289152   0.0203268     0.33116    0.998454 -0.00935018  -0.0514902   0.0187547
    0.31702    0.020183    0.336141    0.998426 -0.00936762  -0.0521003   0.0185492
   0.157119   0.0269886    0.282135    0.998527 -0.00989306   -0.049713    0.019358
    0.18321   0.0275501    0.286769    0.998537 -0.00962929  -0.0495572   0.0193591
   0.210483   0.0271255    0.291498    0.998523 -0.00975221  -0.0498846   0.0191902
   0.238392   0.0278334    0.296451    0.998499 -0.00941536  -0.0505006   0.0190149
   0.265553   0.0274885    0.301251    0.998484 -0.00950991  -0.0508259   0.0188721
   0.293876   0.0271776    0.306225    0.998447 -0.00958848  -0.0516246   0.0186053
   0.126571  -0.0637767    0.447098    0.998525 -0.00990718  -0.0496603   0.0195935
   0.154431  -0.0641093    0.451878    0.998501 -0.00998987  -0.0501484   0.0195119
   0.180393  -0.0634987    0.456524    0.998516 -0.00971702  -0.0498753   0.0195856
   0.207029   -0.063746    0.461236    0.998515 -0.00976975  -0.0498885   0.0195746
   0.235588  -0.0637689    0.466247    0.998476 -0.00976054  -0.0507301   0.0193933
   0.263641  -0.0633122    0.471244    0.998448 -0.00957573  -0.0513637   0.0192871
   0.103024  -0.0559459    0.417019    0.998555 -0.00994699  -0.0489881   0.0197135
   0.131249  -0.0553618     0.42194    0.998526 -0.00963316  -0.0496724   0.0196364
   0.158749   -0.056335    0.426584    0.998508 -0.00998025  -0.0500113   0.0195003
    0.18525  -0.0559962    0.431342    0.998512 -0.00979567  -0.0499852   0.0194998
   0.211437  -0.0552176    0.436024    0.998522 -0.00943059  -0.0498227    0.019551
   0.239492  -0.0559481    0.440922     0.99849 -0.00971425  -0.0504634   0.0193976
   0.268282  -0.0555566     0.44602    0.998448 -0.00954289  -0.0514169   0.0191604
   0.297126  -0.0548642    0.451172    0.998402 -0.00925733   -0.052408   0.0189786
    0.10795   -0.048265    0.391877     0.99855 -0.00993997  -0.0491142   0.0196837
   0.135485  -0.0480064    0.396709    0.998534 -0.00976066  -0.0495089    0.019605
    0.16359  -0.0487101    0.401462    0.998504 -0.00999973  -0.0501185   0.0194147
   0.191309  -0.0476383    0.406409    0.998486 -0.00951912    -0.05061   0.0193566
   0.216853  -0.0478734    0.410972    0.998506 -0.00958916   -0.050183   0.0193995
   0.245148  -0.0482346    0.415941     0.99847 -0.00970363   -0.050943   0.0192112
   0.271974  -0.0472055    0.420786    0.998466 -0.00925606  -0.0511169   0.0191818
   0.300933  -0.0471913    0.425869    0.998417 -0.00924651  -0.0521477   0.0189583
   0.113085  -0.0407069    0.366789     0.99854 -0.00997289  -0.0493252   0.0196123
   0.139985    -0.04045      0.3715    0.998536 -0.00979641  -0.0494594   0.0196001
  0.168014 -0.0410725   0.376314   0.998507 -0.0100053 -0.0500735  0.0194113
   0.195382   -0.040164    0.381219    0.998495 -0.00958015  -0.0504196   0.0193285
   0.221825  -0.0400451    0.385922    0.998499 -0.00949997  -0.0503738   0.0192845
   0.249613  -0.0404566    0.390795    0.998473 -0.00964343  -0.0509217   0.0191312
   0.276824  -0.0394748    0.395712     0.99846 -0.00922601  -0.0512655   0.0190807
   0.305004  -0.0397198    0.400661    0.998425 -0.00930886  -0.0519902   0.0188916
   0.117685  -0.0327559    0.341738    0.998541 -0.00983472  -0.0493462   0.0196057
     0.1444  -0.0326915    0.346408    0.998539 -0.00973361  -0.0494062   0.0195756
  0.171839 -0.0335981   0.351119   0.998521 -0.0100591 -0.0497673  0.0194385
   0.199285  -0.0326995    0.356003    0.998508 -0.00964815   -0.050155   0.0193303
   0.226334  -0.0323021    0.360828      0.9985 -0.00944013  -0.0503892   0.0192438
   0.254942  -0.0319107    0.365953    0.998459 -0.00924582  -0.0513032   0.0190308
   0.282351  -0.0321869    0.370718     0.99844 -0.00934891  -0.0517031   0.0188674
   0.309771   -0.031853    0.375656    0.998422 -0.00920113  -0.0521176   0.0187702
   0.12189 -0.0255862   0.316659   0.998547 -0.0100045 -0.0491859  0.0196114
   0.149196  -0.0254787    0.321398    0.998534 -0.00989154  -0.0495093   0.0195106
  0.176822 -0.0260286   0.326127   0.998513 -0.0100548 -0.0499631  0.0193332
   0.204084  -0.0256568    0.330988    0.998501 -0.00985406  -0.0502875   0.0192433
   0.231259  -0.0257404    0.335746    0.998491 -0.00984324  -0.0505549   0.0190663
   0.259235   -0.025511    0.340742    0.998461 -0.00971251  -0.0512209   0.0189011
   0.286353  -0.0242886    0.345658    0.998451 -0.00922134   -0.051528   0.0188376
   0.313753  -0.0240732    0.350575    0.998433 -0.00909717  -0.0519502   0.0187134
   0.125797  -0.0176079    0.291639    0.998559 -0.00983045  -0.0489643   0.0196403
   0.153721  -0.0173573    0.296436    0.998536 -0.00966157  -0.0495201   0.0194923
    0.18159  -0.0183092    0.301229    0.998509 -0.00997977  -0.0500873   0.0192726
   0.207875  -0.0179152    0.305917    0.998515 -0.00977566  -0.0500175   0.0192271
   0.235507  -0.0181993    0.310774    0.998495 -0.00984376  -0.0504883   0.0190287
   0.262858   -0.017601    0.315655    0.998478 -0.00957848  -0.0509022   0.0189252
   0.290496  -0.0171795    0.320578    0.998458 -0.00936967  -0.0514189   0.0187216
   0.318535  -0.0167638    0.325623    0.998427 -0.00917584  -0.0521146   0.0185573
   0.158097  -0.0100003    0.271517    0.998539 -0.00972172   -0.049489    0.019418
   0.185667  -0.0102315    0.276299    0.998519 -0.00975687  -0.0499341   0.0192744
   0.211677  -0.0104287    0.280899    0.998529 -0.00978905  -0.0497471   0.0192225
   0.239744 -0.00991335    0.285876    0.998502  -0.0095315   -0.050426   0.0189903
   0.267565  -0.0100398     0.29075    0.998475 -0.00954241  -0.0510241   0.0187974
   0.295104  -0.0095402    0.295709    0.998456 -0.00930138  -0.0515137   0.0186098
  0.126604  -0.101504    0.43625   0.998551 -0.0100341 -0.0490423  0.0197323
   0.155674   -0.100704    0.441339    0.998509 -0.00965222  -0.0500509   0.0195572
   0.182756   -0.100951    0.446073      0.9985 -0.00970913  -0.0502399   0.0194857
   0.209397   -0.100723    0.450785      0.9985 -0.00958799  -0.0502542    0.019516
    0.23652   -0.100697    0.455603    0.998489 -0.00955302  -0.0505024   0.0194461
   0.265158   -0.100371      0.4607    0.998449 -0.00940993   -0.051374   0.0192649
  0.104304 -0.0934814    0.40638   0.998559 -0.0099914 -0.0488949   0.019735
  0.131298 -0.0942022   0.410989    0.99855 -0.0102161 -0.0490421  0.0196909
  0.160403 -0.0932444   0.416078   0.998507 -0.0097574 -0.0500875   0.019504
  0.186498 -0.0924696   0.420787   0.998519 -0.0093889 -0.0498949  0.0195493
   0.214436  -0.0933242    0.425576    0.998491 -0.00970767  -0.0504391   0.0194142
    0.24227  -0.0931551    0.430543    0.998467 -0.00961657  -0.0509855   0.0192619
   0.269577  -0.0928268    0.435428    0.998453 -0.00947337  -0.0513268   0.0191861
   0.296616  -0.0921542    0.440293    0.998443 -0.00919176  -0.0515739   0.0191492
  0.109477 -0.0861386    0.38123   0.998548 -0.0101237 -0.0491126   0.019658
    0.13716  -0.0858147    0.386041    0.998529 -0.00991571  -0.0495597     0.01961
   0.164366  -0.0854553    0.390813     0.99852 -0.00971176  -0.0498169   0.0195312
   0.190805  -0.0850645    0.395522    0.998525 -0.00949906  -0.0497667   0.0195062
   0.219054  -0.0854089    0.400471    0.998492 -0.00962417  -0.0504621   0.0193324
   0.246548  -0.0851648    0.405357    0.998474 -0.00948809    -0.05089   0.0192313
    0.27382  -0.0850145    0.410213    0.998459 -0.00940841  -0.0512371   0.0191389
   0.301936  -0.0848532      0.4152    0.998427 -0.00933533   -0.051922   0.0189842
  0.113921 -0.0783545   0.356089   0.998552 -0.0100693 -0.0490433  0.0197033
   0.140999  -0.0778742    0.360849    0.998545 -0.00979563  -0.0492568    0.019659
   0.169104  -0.0782658    0.365671    0.998516 -0.00990173  -0.0498942    0.019446
     0.1959  -0.0775743    0.370467    0.998515 -0.00957526  -0.0499969   0.0194061
   0.223785  -0.0778609    0.375363     0.99849 -0.00966193  -0.0505448   0.0192478
   0.251088  -0.0774842    0.380246    0.998475 -0.00947984  -0.0509101    0.019144
   0.279152   -0.077001    0.385237    0.998444 -0.00926635  -0.0515999   0.0189812
   0.307041  -0.0770288    0.390167    0.998416 -0.00925843  -0.0522025    0.018839
 0.118443  -0.07106  0.330963  0.998552 -0.010193 -0.049016 0.0196636
   0.146069  -0.0700872    0.335858    0.998536 -0.00972926  -0.0494697   0.0196075
   0.173771  -0.0700819    0.340677    0.998516 -0.00966804  -0.0499475    0.019434
    0.19971  -0.0699117    0.345257    0.998529 -0.00956815  -0.0497022   0.0194398
   0.228414  -0.0692007    0.350352     0.99849 -0.00923815  -0.0506214   0.0192219
   0.256207  -0.0692635    0.355271    0.998466 -0.00923002  -0.0511834   0.0190107
   0.283839  -0.0700264    0.360124     0.99844 -0.00950267  -0.0516816   0.0188532
   0.311075  -0.0691756    0.365034    0.998427 -0.00916511  -0.0520287   0.0187684
   0.123499  -0.0619659    0.306198    0.998547 -0.00958195  -0.0492418   0.0196632
   0.151339   -0.062449    0.310932    0.998522 -0.00970946  -0.0497852   0.0194932
   0.178085  -0.0631092    0.315594    0.998519 -0.00991816  -0.0498626     0.01936
   0.204115  -0.0618766    0.320254    0.998533 -0.00936872   -0.049685    0.019401
   0.232782  -0.0626829      0.3252    0.998492 -0.00965655  -0.0505601   0.0190926
   0.260765  -0.0625927    0.330191    0.998463 -0.00958152  -0.0512194   0.0188878
   0.288005  -0.0620868    0.335076    0.998449 -0.00935057  -0.0515685   0.0187679
   0.315808  -0.0621909    0.340016    0.998421 -0.00937289  -0.0521643   0.0186015
   0.127926  -0.0552006    0.281138    0.998548 -0.00989269  -0.0491977   0.0195696
   0.155776  -0.0547852    0.285967    0.998526 -0.00965507  -0.0497432   0.0194592
   0.182339  -0.0554915     0.29057    0.998526 -0.00988525  -0.0497496   0.0193246
   0.208545  -0.0551367    0.295231    0.998533 -0.00969757  -0.0496531   0.0193087
   0.237201  -0.0549329    0.300247    0.998494 -0.00956522  -0.0505484   0.0190346
   0.264839  -0.0550959    0.305142    0.998471 -0.00959549  -0.0510676   0.0188371
    0.29211  -0.0545768    0.310039    0.998457 -0.00935036  -0.0514482   0.0186955
   0.320288  -0.0545156     0.31502    0.998423 -0.00930251  -0.0521902   0.0184689
   0.159703  -0.0475299    0.260964    0.998537 -0.00976257  -0.0495123   0.0194251
   0.186344  -0.0477446    0.265587    0.998536 -0.00979005  -0.0495707   0.0193241
   0.213967  -0.0472606    0.270487    0.998516 -0.00953988  -0.0500668   0.0191737
     0.2411  -0.0472849    0.275263    0.998506 -0.00950333   -0.050342   0.0189978
   0.268726  -0.0471746     0.28019    0.998484 -0.00940916  -0.0508668   0.0187963
   0.296769  -0.0469369     0.28516    0.998454 -0.00928637  -0.0515549   0.0185775
   0.127198   -0.137902    0.425642    0.998572 -0.00959788  -0.0486629   0.0198509
   0.156382   -0.138977    0.430529    0.998523 -0.00999013  -0.0496788   0.0195763
   0.183154   -0.138051    0.435319    0.998524 -0.00956294  -0.0497588   0.0195783
    0.21104   -0.138911    0.440158    0.998497 -0.00988912  -0.0502803    0.019452
   0.238366   -0.137964    0.445083    0.998484 -0.00947465  -0.0506186   0.0194111
   0.266204   -0.137832    0.449986    0.998459 -0.00940837  -0.0511644   0.0193162
   0.104882   -0.129971    0.395779    0.998578 -0.00959848  -0.0485146   0.0199167
   0.133018   -0.130291    0.400535    0.998551 -0.00965612  -0.0491316   0.0197257
    0.16098   -0.130354      0.4054    0.998526 -0.00962064  -0.0496982   0.0195964
   0.187616   -0.129773    0.410126    0.998528 -0.00933417  -0.0497207   0.0195791
    0.21608   -0.130765    0.415023    0.998491 -0.00969691  -0.0504741   0.0193538
    0.24328   -0.130513    0.419876    0.998478 -0.00957347  -0.0507656   0.0192973
   0.271109   -0.130141    0.424796    0.998454 -0.00941431  -0.0513142   0.0191634
   0.298319   -0.129941    0.429712     0.99844 -0.00932775   -0.051639   0.0191019
   0.110118   -0.122046    0.370692    0.998567 -0.00949402  -0.0487692   0.0198634
   0.138085   -0.122434    0.375465    0.998544 -0.00956731  -0.0493119   0.0196691
   0.166041   -0.122933    0.380231    0.998518 -0.00972189   -0.049874   0.0194976
   0.191556   -0.122102     0.38486     0.99854 -0.00933499  -0.0494611   0.0196221
   0.221113   -0.122978    0.389914    0.998483 -0.00966928  -0.0506725   0.0192513
     0.2476    -0.12266     0.39468    0.998484 -0.00950898  -0.0506877   0.0192582
   0.275359   -0.122031    0.399627    0.998461 -0.00923171  -0.0512281   0.0191359
   0.303077   -0.122582    0.404472    0.998435 -0.00943308   -0.051745   0.0189792
   0.114667   -0.114968    0.345518    0.998567 -0.00971974  -0.0487337   0.0198402
   0.142407   -0.114815    0.350286    0.998549 -0.00959385  -0.0491954   0.0196709
   0.171262   -0.114773    0.355285    0.998507 -0.00951529  -0.0501555    0.019427
   0.196435   -0.114771    0.359745    0.998534 -0.00947172  -0.0495851   0.0195249
   0.225726   -0.114607    0.364844    0.998484 -0.00938015  -0.0507215   0.0192038
   0.251724   -0.114061    0.369567    0.998495 -0.00912759  -0.0505361   0.0192583
   0.280006   -0.114655    0.374473    0.998459 -0.00933436   -0.051291   0.0190125
   0.307623   -0.114654    0.379414    0.998435 -0.00932754  -0.0517934   0.0188988
   0.120435   -0.107355    0.320579    0.998547 -0.00972804  -0.0492127   0.0196569
    0.14792   -0.107961    0.325267    0.998531 -0.00989388  -0.0495778   0.0195067
   0.175911   -0.106378    0.330272    0.998508 -0.00921086  -0.0502062   0.0193835
   0.201355   -0.107769    0.334692    0.998527 -0.00971452  -0.0497445    0.019375
   0.230429   -0.107411    0.339761    0.998481 -0.00953866  -0.0508044    0.019092
    0.25721   -0.106886    0.344612    0.998476 -0.00929677  -0.0509605   0.0190386
   0.285106   -0.107277    0.349499    0.998448 -0.00942308  -0.0515655   0.0188307
   0.312672    -0.10648    0.354486    0.998428 -0.00909761  -0.0520417   0.0187208
   0.124645   -0.100069    0.295501    0.998555 -0.00985047  -0.0490538   0.0196229
   0.153099  -0.0997518    0.300398    0.998521 -0.00965186  -0.0498513   0.0194488
  0.179697 -0.0994044    0.30511   0.998521 -0.0094564 -0.0498982  0.0193958
    0.20601   -0.100074    0.309656    0.998526 -0.00968614   -0.049802   0.0192894
   0.233726  -0.0996124    0.314582    0.998505 -0.00945114  -0.0503194   0.0191451
   0.261339  -0.0993083    0.319524    0.998485 -0.00928504  -0.0508096   0.0189758
   0.288948  -0.0994156    0.324397    0.998462 -0.00930261  -0.0513092   0.0188101
   0.316705  -0.0992217    0.329341    0.998437 -0.00920634  -0.0518789   0.0186254
   0.128303  -0.0923619    0.270397    0.998571 -0.00978837  -0.0487055   0.0196844
   0.157232  -0.0924076    0.275357    0.998527 -0.00974385  -0.0496982   0.0194468
   0.184219  -0.0918815    0.280118    0.998522 -0.00946356  -0.0499042   0.0193339
   0.210765  -0.0923122     0.28474    0.998521 -0.00959312  -0.0499339   0.0192282
    0.23827  -0.0919328    0.289661    0.998505 -0.00938663  -0.0503585   0.0190465
   0.265513  -0.0917372    0.294519     0.99849 -0.00927308  -0.0507251   0.0189321
   0.294346  -0.0916139     0.29954    0.998445 -0.00919178  -0.0517234   0.0186361
   0.320456  -0.0917223    0.304267    0.998452 -0.00920798  -0.0516159   0.0185733
   0.161916  -0.0845502    0.250519    0.998526 -0.00959854  -0.0497907   0.0193797
   0.188167  -0.0846982    0.255084    0.998532 -0.00959725  -0.0496837   0.0193191
   0.215539  -0.0847179    0.259913    0.998517 -0.00955318   -0.050072   0.0191345
   0.242932  -0.0843205    0.264708    0.998503 -0.00934095  -0.0504507   0.0189701
   0.271213  -0.0843716    0.269747    0.998467 -0.00931923  -0.0512488   0.0187136
   0.298089  -0.0843286     0.27451    0.998459 -0.00927046  -0.0514578    0.018585
   0.129243   -0.175393    0.415075    0.998563 -0.00961654  -0.0488777   0.0197703
    0.15821   -0.175449    0.420079    0.998521 -0.00958121  -0.0498242   0.0195462
   0.185862    -0.17554    0.424879    0.998501 -0.00958052  -0.0502524   0.0194835
   0.211867   -0.175919    0.429483    0.998512 -0.00970615   -0.049981   0.0195328
   0.240696   -0.175445    0.434568     0.99847 -0.00948254  -0.0509434   0.0193232
   0.268166   -0.175253    0.439452    0.998452 -0.00939499  -0.0513211   0.0192528
   0.107328   -0.167975    0.385185    0.998562 -0.00982571  -0.0488678   0.0197503
   0.13443  -0.168075   0.389894   0.998553 -0.0097976 -0.0490623  0.0197071
   0.163679   -0.167567    0.394976    0.998506 -0.00952419  -0.0501619   0.0194626
   0.190911   -0.167936    0.399708    0.998494 -0.00962957  -0.0504143   0.0193721
   0.217365   -0.168021     0.40442    0.998497 -0.00961901  -0.0503623   0.0193715
   0.245723   -0.168279    0.409357    0.998461 -0.00969165  -0.0511154   0.0191848
   0.272355   -0.167757    0.414173     0.99846 -0.00948778  -0.0511811   0.0191958
   0.299287   -0.166845    0.419078    0.998454 -0.00910164   -0.051384   0.0191382
   0.112447   -0.160152    0.360111    0.998553 -0.00977736  -0.0490638   0.0197098
   0.139992   -0.160245    0.364872    0.998536 -0.00973594  -0.0494546   0.0196144
   0.168021   -0.159898     0.36981    0.998511 -0.00952585   -0.050059   0.0194478
   0.195704   -0.160732    0.374514    0.998489 -0.00983832  -0.0505103   0.0192948
   0.222294   -0.159761    0.379339    0.998492 -0.00940092   -0.050523   0.0192966
   0.249718   -0.159867    0.384193    0.998474 -0.00941525  -0.0509201   0.0191857
   0.277144   -0.159399      0.3891    0.998457 -0.00919602  -0.0513248   0.0191041
   0.303305   -0.158914    0.393855    0.998465 -0.00898427  -0.0512147   0.0190927
   0.116862   -0.152511    0.334972    0.998557 -0.00977347  -0.0489869   0.0197121
  0.143178  -0.152376   0.339576   0.998564 -0.0096402 -0.0488695  0.0197146
   0.172683   -0.152216     0.34469    0.998511 -0.00951483  -0.0500933   0.0193847
   0.199884   -0.152315    0.349408    0.998499 -0.00951245   -0.050365   0.0192982
   0.226307   -0.151677    0.354163    0.998505 -0.00921758   -0.050299   0.0192886
   0.255018   -0.152106    0.359204     0.99846 -0.00936573  -0.0512479   0.0190491
   0.282241     -0.1521     0.36403    0.998446 -0.00935534  -0.0515732   0.0189437
   0.308814   -0.151297    0.368877    0.998446 -0.00899436  -0.0516406   0.0189118
   0.121578   -0.144659    0.309946    0.998556 -0.00967645  -0.0490367   0.0196821
   0.149396   -0.144955    0.314726    0.998533 -0.00973314  -0.0495624   0.0195127
   0.176246   -0.144477    0.319488     0.99853 -0.00947552  -0.0496904   0.0194478
    0.20301   -0.144614    0.324182    0.998526 -0.00949383  -0.0497867   0.0193921
   0.231775   -0.144305    0.329242    0.998487 -0.00931249  -0.0507058   0.0191131
    0.25929   -0.144275      0.3341    0.998465 -0.00927727  -0.0511837   0.0190117
   0.286407   -0.144421    0.338927    0.998454 -0.00931417  -0.0514599   0.0188538
    0.31247   -0.143531     0.34369    0.998464 -0.00892844  -0.0513156   0.0188861
   0.126332   -0.136721    0.284993    0.998553 -0.00953923  -0.0491207   0.0196786
   0.154198   -0.137397    0.289759    0.998529 -0.00973754    -0.04966   0.0194645
   0.180626   -0.136717    0.294436    0.998534 -0.00940349  -0.0496323   0.0194295
  0.207926  -0.137549   0.299136   0.998519 -0.0097023  -0.049951  0.0192627
   0.236292   -0.136643    0.304215    0.998487 -0.00928029  -0.0507346   0.0190563
  0.264825  -0.137057   0.309181   0.998446 -0.0094233 -0.0516111  0.0188038
   0.289996   -0.136485     0.31379    0.998473 -0.00915652  -0.0511064   0.0188491
   0.317116   -0.135935    0.318649    0.998462 -0.00891606  -0.0514085     0.01874
   0.130454   -0.128896     0.26002    0.998561 -0.00942321  -0.0489743   0.0197077
   0.158481   -0.129598    0.264771    0.998534 -0.00964432  -0.0495701   0.0194669
   0.185337    -0.12889    0.269535    0.998531 -0.00929529  -0.0497318    0.019383
    0.21192   -0.129959    0.274103    0.998529 -0.00969312   -0.049762   0.0192486
   0.241283   -0.129408    0.279276    0.998478 -0.00941838  -0.0509496   0.0189156
   0.267815    -0.12963    0.284009    0.998475 -0.00946635  -0.0510145   0.0188503
   0.294927   -0.128508    0.288903    0.998466 -0.00897207  -0.0513202   0.0187187
   0.320889   -0.128431    0.293596    0.998476 -0.00891149  -0.0511578   0.0186834
   0.162903   -0.122044    0.239837    0.998537 -0.00963637  -0.0495515   0.0194028
   0.189966   -0.121471    0.244618    0.998529 -0.00933442  -0.0497904   0.0193163
   0.216479   -0.121765    0.249254     0.99853 -0.00940499  -0.0498131   0.0192013
   0.244882   -0.121649    0.254265    0.998496 -0.00930551  -0.0506149   0.0189233
    0.27295   -0.121759    0.259209    0.998464 -0.00930764  -0.0513202   0.0186877
   0.299053   -0.121364    0.263903    0.998473 -0.00911542   -0.051203   0.0186438
