     546.604     -66.6615      315.003      1      0      -0.000250161      0
     546.698     -39.9943      314.999      1      0      5.60837e-05      0
     546.677     -13.3281      315.016      1      0      -0.000262661      0
     546.689      13.3872      314.983      1      0      0.00027484      0
     546.641      40.0112      315.001      1      0      -6.89161e-05      0
     546.631      66.6820      315.004      1      0      -0.000137665      0
     573.356     -93.3546      314.986      1      0      9.98343e-05      0
     573.354     -66.6415      315.006      1      0      -4.39164e-05      0
     573.345     -39.9721      315.009      1      0      -0.000131415      0
     573.348     -13.3065      314.995      1      0      -2.51665e-05      0
     573.325      13.3876      314.999      1      0      -3.14164e-05      0
     573.305      40.0271      315.002      1      0      -3.14164e-05      0
     573.308      66.6933      315.001      1      0      -3.14164e-05      0
     573.324      93.3553      315.000      1      0      -3.14164e-05      0
     600.004     -93.3579      314.986      1      0      -3.14164e-05      0
     600.021     -66.6585      314.999      1      0      -3.14164e-05      0
     600.023     -39.9826      314.999      1      0      -3.14164e-05      0
     600.024     -13.3054      314.999      1      0      -3.14164e-05      0
     600.008      13.3816      315.004      1      0      -3.14164e-05      0
     599.969      40.0254      315.002      1      0      -3.14164e-05      0
     599.985      66.6997      315.001      1      0      -3.14164e-05      0
     599.969      93.3616      315.001      1      0      -3.14164e-05      0
     626.680     -93.3493      314.989      1      0      -3.14164e-05      0
     626.690     -66.6455      314.996      1      0      -3.14164e-05      0
     626.694     -39.9826      314.998      1      0      -3.14164e-05      0
     626.686     -13.3069      315.004      1      0      -3.14164e-05      0
     626.683      13.3917      315.003      1      0      -3.14164e-05      0
     626.636      40.0195      315.001      1      0      -3.14164e-05      0
     626.641      66.6875      315.003      1      0      -3.14164e-05      0
     626.648      93.3540      315.003      1      0      -3.14164e-05      0
     653.345     -93.3532      314.989      1      0      -3.14164e-05      0
     653.349     -66.6348      315.002      1      0      -3.14164e-05      0
     653.357     -39.9806      314.995      1      0      -3.14164e-05      0
     653.365     -13.3045      314.989      1      0      -3.14164e-05      0
     653.341      13.4047      314.998      1      0      -3.14164e-05      0
     653.297      40.0220      315.010      1      0      -3.14164e-05      0
     653.308      66.6851      315.004      1      0      -3.14164e-05      0
     653.304      93.3483      315.007      1      0      -3.14164e-05      0
     680.023     -93.3522      314.981      1      0      -3.14164e-05      0
     680.028     -66.6387      314.998      1      0      -3.14164e-05      0
     680.024     -39.9711      314.999      1      0      -3.14164e-05      0
     680.030     -13.3125      314.992      1      0      -3.14164e-05      0
     680.007      13.3920      315.004      1      0      -3.14164e-05      0
     679.971      40.0170      315.008      1      0      -3.14164e-05      0
     679.972      66.6898      315.004      1      0      -3.14164e-05      0
     679.971      93.3543      315.009      1      0      -3.14164e-05      0
     706.656     -93.3803      314.990      1      0      -3.14164e-05      0
     706.690     -66.6391      314.998      1      0      -3.14164e-05      0
     706.693     -39.9894      314.992      1      0      -3.14164e-05      0
     706.677     -13.3177      314.992      1      0      -3.14164e-05      0
     706.657      13.3903      314.998      1      0      1.23335e-05      0
     706.640      40.0107      315.009      1      0      2.48335e-05      0
     706.652      66.6876      315.006      1      0      2.48335e-05      0
     706.642      93.3568      315.003      1      0      2.48335e-05      0
     733.347     -66.6934      314.981      1      0      2.48335e-05      0
     733.356     -39.9745      314.991      1      0      2.48335e-05      0
     733.343     -13.2969      314.989      1      0      2.48335e-05      0
     733.324      13.3913      314.999      1      0      2.48335e-05      0
     733.308      40.0212      315.006      1      0      2.48335e-05      0
     733.310      66.6831      315.008      1      0      2.48335e-05      0
     546.663     -66.6936      353.896      1      0      -2.51665e-05      0
     546.695     -39.9847      353.892      1      0      -2.51665e-05      0
     546.694     -13.2986      353.896      1      0      -2.51665e-05      0
     546.680      13.3906      353.896      1      0      -2.51665e-05      0
     546.640      40.0175      353.891      1      0      -2.51665e-05      0
     546.635      66.6913      353.884      1      0      -2.51665e-05      0
     573.349     -93.3423      353.879      1      0      -2.51665e-05      0
     573.357     -66.6449      353.889      1      0      -2.51665e-05      0
     573.358     -39.9724      353.893      1      0      -2.51665e-05      0
     573.369     -13.3068      353.893      1      0      -2.51665e-05      0
     573.345      13.3811      353.894      1      0      -2.51665e-05      0
     573.303      40.0170      353.891      1      0      -2.51665e-05      0
     573.312      66.6871      353.891      1      0      -2.51665e-05      0
     573.311      93.3571      353.887      1      0      -2.51665e-05      0
     600.004     -93.3516      353.877      1      0      -2.51665e-05      0
     600.025     -66.6454      353.885      1      0      -2.51665e-05      0
     600.040     -39.9831      353.889      1      0      -2.51665e-05      0
     600.039     -13.3160      353.889      1      0      -2.51665e-05      0
     600.013      13.3956      353.894      1      0      -2.51665e-05      0
     599.957      40.0250      353.892      1      0      -2.51665e-05      0
     599.972      66.6858      353.892      1      0      -2.51665e-05      0
     599.978      93.3529      353.889      1      0      -2.51665e-05      0
     626.674     -93.3522      353.875      1      0      -2.51665e-05      0
     626.691     -66.6590      353.886      1      0      -2.51665e-05      0
     626.688     -39.9789      353.890      1      0      -2.51665e-05      0
     626.701     -13.3105      353.886      1      0      -2.51665e-05      0
     626.681      13.3952      353.893      1      0      -2.51665e-05      0
     626.630      40.0229      353.895      1      0      -2.51665e-05      0
     626.647      66.6776      353.894      1      0      -2.51665e-05      0
     626.637      93.3728      353.887      1      0      -2.51665e-05      0
     653.346     -93.3532      353.876      1      0      -2.51665e-05      0
     653.360     -66.6453      353.890      1      0      -2.51665e-05      0
     653.354     -39.9806      353.886      1      0      -2.51665e-05      0
     653.361     -13.3044      353.885      1      0      -2.51665e-05      0
     653.348      13.3796      353.891      1      0      -2.51665e-05      0
     653.311      40.0187      353.896      1      0      -2.51665e-05      0
     653.311      66.7023      353.895      1      0      -2.51665e-05      0
     653.304      93.3549      353.895      1      0      -2.51665e-05      0
     680.012     -93.3453      353.879      1      0      -2.51665e-05      0
     680.026     -66.6422      353.888      1      0      -2.51665e-05      0
     680.026     -39.9711      353.884      1      0      8.73341e-05      0
     680.035     -13.3161      353.871      1      0      0.000187337      0
     680.022      13.3920      353.881      1      0      0.000112335      0
     679.985      40.0241      353.880      1      0      0.000237338      0
     679.960      66.6931      353.904      1      0      -0.000156414      0
     679.986      93.3577      353.881      1      0      0.000224838      0
     706.667     -93.3704      353.881      1      0      -6.26662e-05      0
     706.705     -66.6530      353.867      1      0      0.000262339      0
     706.677     -39.9751      353.894      1      0      -0.000206413      0
     706.684     -13.3068      353.887      1      0      -0.000162664      0
     706.661      13.3940      353.901      1      0      -0.000168914      0
     706.635      40.0179      353.904      1      0      -0.000143915      0
     706.643      66.6910      353.888      1      0      0.000118585      0
     706.644      93.3569      353.908      1      0      -0.000168914      0
     733.351     -66.6865      353.870      1      0      9.35842e-05      0
     733.357     -39.9888      353.882      1      0      -0.000100166      0
     733.348     -13.3150      353.872      1      0      1.85835e-05      0
     733.332      13.3913      353.881      1      0      3.10836e-05      0
     733.308      40.0212      353.901      1      0      3.10836e-05      0
     733.298      66.7006      353.898      1      0      3.10836e-05      0
     546.660     -66.6932      392.777      1      0      6.08347e-06      0
     546.687     -39.9744      392.777      1      0      1.23335e-05      0
     546.696     -13.3118      392.776      1      0      1.23335e-05      0
     546.674      13.3904      392.777      1      0      1.23335e-05      0
     546.631      40.0364      392.771      1      0      1.23335e-05      0
     546.645      66.6919      392.772      1      0      1.23335e-05      0
     573.347     -93.3419      392.768      1      0      1.23335e-05      0
     573.350     -66.6539      392.778      1      0      1.23335e-05      0
     573.357     -39.9856      392.777      1      0      1.23335e-05      0
     573.371     -13.3203      392.778      1      0      1.23335e-05      0
     573.357      13.3982      392.779      1      0      1.23335e-05      0
     573.319      40.0209      392.783      1      0      1.23335e-05      0
     573.316      66.6775      392.779      1      0      1.23335e-05      0
     573.308      93.3506      392.770      1      0      1.23335e-05      0
     600.022     -93.3464      392.766      1      0      1.23335e-05      0
     600.023     -66.6585      392.776      1      0      1.23335e-05      0
     600.032     -39.9862      392.777      1      0      1.23335e-05      0
     600.024     -13.3227      392.771      1      0      1.23335e-05      0
     600.008      13.3851      392.776      1      0      1.23335e-05      0
     599.978      40.0221      392.775      1      0      1.23335e-05      0
     599.976      66.6892      392.775      1      0      1.23335e-05      0
     599.993      93.3601      392.774      1      0      1.23335e-05      0
     626.684     -93.3591      392.761      1      0      1.23335e-05      0
     626.695     -66.6490      392.777      1      0      1.23335e-05      0
     626.703     -39.9792      392.774      1      0      1.23335e-05      0
     626.695     -13.3317      392.771      1      0      1.23335e-05      0
     626.681      13.3846      392.777      1      0      1.23335e-05      0
     626.632      40.0229      392.781      1      0      1.23335e-05      0
     626.631      66.6870      392.780      1      0      1.23335e-05      0
     626.646      93.3538      392.779      1      0      1.23335e-05      0
     653.333     -93.3497      392.776      1      0      -0.000162664      0
     653.344     -66.6452      392.791      1      0      -0.000262661      0
     653.378     -39.9913      392.755      1      0      0.000256089      0
     653.356     -13.3152      392.777      1      0      -9.39158e-05      0
     653.339      13.3939      392.780      1      0      -4.39164e-05      0
     653.300      40.0292      392.790      1      0      -0.000137665      0
     653.298      66.6814      392.783      1      0      -1.89165e-05      0
     653.307      93.3582      392.779      1      0      -6.41653e-06      0
     680.007     -93.3551      392.763      1      0      -6.41653e-06      0
     680.031     -66.6353      392.773      1      0      -6.41653e-06      0
     680.037     -39.9641      392.772      1      0      -6.41653e-06      0
     680.014     -13.3233      392.767      1      0      -6.41653e-06      0
     679.992      13.3847      392.776      1      0      -6.41653e-06      0
     679.965      40.0383      392.783      1      0      -6.41653e-06      0
     679.967      66.6931      392.785      1      0      -6.41653e-06      0
     679.971      93.3443      392.786      1      0      -6.41653e-06      0
     706.676     -93.3805      392.756      1      0      -6.41653e-06      0
     706.689     -66.6426      392.772      1      0      -6.41653e-06      0
     706.702     -39.9823      392.767      1      0      -6.41653e-06      0
     706.686     -13.3177      392.768      1      0      -6.41653e-06      0
     706.673      13.3940      392.776      1      0      -6.41653e-06      0
     706.638      40.0251      392.785      1      0      -6.41653e-06      0
     706.633      66.6980      392.784      1      0      -6.41653e-06      0
     706.635      93.3601      392.785      1      0      -6.41653e-06      0
     733.344     -66.6899      392.767      1      0      -6.41653e-06      0
     733.361     -39.9745      392.766      1      0      -6.41653e-06      0
     733.364     -13.3078      392.766      1      0      -6.41653e-06      0
     733.343      13.3877      392.779      1      0      -6.41653e-06      0
     733.308      40.0176      392.787      1      0      -6.41653e-06      0
     733.319      66.6831      392.784      1      0      -6.41653e-06      0
     546.660     -66.6995      431.665      1      0      -6.41653e-06      0
     546.699     -39.9880      431.670      1      0      -6.41653e-06      0
     546.692     -13.3249      431.667      1      0      -6.41653e-06      0
     546.677      13.3839      431.671      1      0      -6.41653e-06      0
     546.645      40.0112      431.667      1      0      -6.41653e-06      0
     546.637      66.6820      431.666      1      0      -6.41653e-06      0
     573.344     -93.3448      431.659      1      0      -6.41653e-06      0
     573.353     -66.6477      431.669      1      0      -6.41653e-06      0
     573.355     -39.9789      431.664      1      0      -6.41653e-06      0
     573.347     -13.3098      431.662      1      0      -6.41653e-06      0
     573.326      13.3944      431.664      1      0      -6.41653e-06      0
     573.304      40.0236      431.667      1      0      -6.41653e-06      0
     573.309      66.6868      431.665      1      0      -6.41653e-06      0
     573.322      93.3550      431.667      1      0      -6.41653e-06      0
     600.013     -93.3522      431.658      1      0      -6.41653e-06      0
     600.016     -66.6549      431.665      1      0      -6.41653e-06      0
     600.023     -39.9928      431.662      1      0      -6.41653e-06      0
     600.033     -13.3124      431.665      1      0      -6.41653e-06      0
     600.013      13.3886      431.671      1      0      -6.41653e-06      0
     599.985      40.0292      431.668      1      0      -6.41653e-06      0
     599.992      66.6828      431.650      1      0      0.000262339      0
     599.959      93.3523      431.680      1      0      -0.000237662      0
     626.665     -93.3522      431.669      1      0      -0.000200163      0
     626.697     -66.6456      431.664      1      0      1.85835e-05      0
     626.694     -39.9860      431.661      1      0      6.08347e-06      0
     626.688     -13.3069      431.665      1      0      6.08347e-06      0
     626.683      13.4023      431.664      1      0      6.08347e-06      0
     626.637      40.0195      431.671      1      0      6.08347e-06      0
     626.651      66.6878      431.670      1      0      6.08347e-06      0
     626.646      93.3603      431.663      1      0      6.08347e-06      0
     653.335     -93.3462      431.654      1      0      6.08347e-06      0
     653.353     -66.6589      431.659      1      0      6.08347e-06      0
     653.371     -39.9596      431.662      1      0      6.08347e-06      0
     653.369     -13.3009      431.655      1      0      6.08347e-06      0
     653.341      13.4011      431.665      1      0      6.08347e-06      0
     653.299      40.0220      431.673      1      0      6.08347e-06      0
     653.312      66.6817      431.674      1      0      6.08347e-06      0
     653.322      93.3555      431.668      1      0      6.08347e-06      0
     680.029     -93.3523      431.644      1      0      6.08347e-06      0
     680.026     -66.6456      431.661      1      0      6.08347e-06      0
     680.032     -39.9819      431.660      1      0      6.08347e-06      0
     680.030     -13.3089      431.658      1      0      6.08347e-06      0
     679.999      13.4028      431.669      1      0      6.08347e-06      0
     679.967      40.0276      431.672      1      0      6.08347e-06      0
     679.970      66.6966      431.668      1      0      6.08347e-06      0
     679.975      93.3577      431.672      1      0      6.08347e-06      0
     706.660     -93.3770      431.655      1      0      6.08347e-06      0
     706.692     -66.6461      431.659      1      0      6.08347e-06      0
     706.678     -39.9786      431.659      1      0      6.08347e-06      0
     706.702     -13.3177      431.656      1      0      6.08347e-06      0
     706.683      13.4049      431.662      1      0      6.08347e-06      0
     706.635      40.0322      431.678      1      0      6.08347e-06      0
     706.636      66.6875      431.674      1      0      6.08347e-06      0
     706.639      93.3602      431.670      1      0      6.08347e-06      0
     733.334     -66.6900      431.652      1      0      6.08347e-06      0
     733.360     -39.9781      431.653      1      0      6.08347e-06      0
     733.354     -13.3005      431.654      1      0      6.08347e-06      0
     733.336      13.3950      431.663      1      0      6.08347e-06      0
     733.314      40.0212      431.672      1      0      6.08347e-06      0
     733.297      66.6797      431.678      1      0      6.08347e-06      0
     546.651     -66.6956      470.549      1      0      6.08347e-06      0
     546.695     -39.9943      470.557      1      0      6.08347e-06      0
     546.678     -13.3016      470.557      1      0      6.08347e-06      0
     546.671      13.3871      470.556      1      0      6.08347e-06      0
     546.651      40.0148      470.557      1      0      6.08347e-06      0
     546.631      66.6940      470.547      1      0      6.08347e-06      0
     573.345     -93.3448      470.543      1      0      6.08347e-06      0
     573.367     -66.6389      470.561      1      0      6.08347e-06      0
     573.371     -39.9895      470.556      1      0      6.08347e-06      0
     573.360     -13.3100      470.554      1      0      6.08347e-06      0
     573.312      13.3842      470.570      1      0      -0.000250161      0
     573.309      40.0341      470.561      1      0      -0.000125165      0
     573.293      66.6928      470.565      1      0      -0.000187663      0
     573.312      93.3502      470.546      1      0      0.000174836      0
     600.001     -93.3552      470.553      1      0      -0.000212663      0
     600.039     -66.6390      470.544      1      0      0.000181086      0
     600.047     -39.9592      470.551      1      0      8.73341e-05      0
     600.036     -13.3124      470.549      1      0      4.35836e-05      0
     600.008      13.4024      470.554      1      0      4.35836e-05      0
     599.967      40.0286      470.551      1      0      4.35836e-05      0
     599.976      66.6924      470.556      1      0      4.35836e-05      0
     599.971      93.3426      470.553      1      0      4.35836e-05      0
     626.692     -93.3589      470.525      1      0      0.000243589      0
     626.690     -66.6526      470.565      1      0      -0.000206413      0
     626.687     -39.9788      470.552      1      0      1.85835e-05      0
     626.691     -13.3104      470.548      1      0      2.48335e-05      0
     626.667      13.3880      470.556      1      0      2.48335e-05      0
     626.636      40.0230      470.558      1      0      2.48335e-05      0
     626.650      66.6844      470.555      1      0      2.48335e-05      0
     626.635      93.3596      470.554      1      0      2.48335e-05      0
     653.348     -93.3532      470.535      1      0      2.48335e-05      0
     653.358     -66.6452      470.551      1      0      2.48335e-05      0
     653.362     -39.9913      470.547      1      0      2.48335e-05      0
     653.368     -13.3260      470.549      1      0      2.48335e-05      0
     653.350      13.3940      470.555      1      0      2.48335e-05      0
     653.316      40.0223      470.557      1      0      2.48335e-05      0
     653.303      66.6918      470.558      1      0      2.48335e-05      0
     653.303      93.3547      470.561      1      0      2.48335e-05      0
     680.013     -93.3486      470.541      1      0      2.48335e-05      0
     680.025     -66.6490      470.551      1      0      2.48335e-05      0
     680.031     -39.9854      470.547      1      0      2.48335e-05      0
     680.029     -13.3125      470.545      1      0      2.48335e-05      0
     680.013      13.3920      470.551      1      0      2.48335e-05      0
     679.970      40.0241      470.561      1      0      2.48335e-05      0
     679.975      66.6898      470.558      1      0      2.48335e-05      0
     679.984      93.3446      470.560      1      0      2.48335e-05      0
     706.664     -93.3637      470.540      1      0      2.48335e-05      0
     706.695     -66.6496      470.546      1      0      2.48335e-05      0
     706.692     -39.9751      470.545      1      0      2.48335e-05      0
     706.703     -13.3105      470.540      1      0      2.48335e-05      0
     706.676      13.3903      470.556      1      0      2.48335e-05      0
     706.640      40.0179      470.561      1      0      2.48335e-05      0
     706.650      66.6841      470.563      1      0      2.48335e-05      0
     706.644      93.3535      470.563      1      0      2.48335e-05      0
     733.344     -66.6934      470.539      1      0      2.48335e-05      0
     733.354     -39.9781      470.545      1      0      2.48335e-05      0
     733.348     -13.3223      470.544      1      0      2.48335e-05      0
     733.344      13.4095      470.544      1      0      2.48335e-05      0
     733.315      40.0212      470.569      1      0      2.48335e-05      0
     733.301      66.7076      470.562      1      0      2.48335e-05      0
     546.669     -66.7002      509.442      1      0      1.85835e-05      0
     546.694     -39.9780      509.445      1      0      2.48335e-05      0
     546.697     -13.3118      509.443      1      0      2.48335e-05      0
     546.670      13.3772      509.445      1      0      2.48335e-05      0
     546.641      40.0272      509.442      1      0      2.48335e-05      0
     546.637      66.6787      509.440      1      0      2.48335e-05      0
     573.345     -93.3539      509.430      1      0      2.48335e-05      0
     573.359     -66.6545      509.440      1      0      2.48335e-05      0
     573.357     -39.9856      509.444      1      0      2.48335e-05      0
     573.359     -13.3202      509.440      1      0      2.48335e-05      0
     573.346      13.3912      509.441      1      0      2.48335e-05      0
     573.312      40.0139      509.447      1      0      2.48335e-05      0
     573.309      66.6834      509.445      1      0      2.48335e-05      0
     573.311      93.3477      509.440      1      0      2.48335e-05      0
     600.016     -93.3491      509.434      1      0      2.48335e-05      0
     600.025     -66.6486      509.447      1      0      2.48335e-05      0
     600.029     -39.9929      509.442      1      0      2.48335e-05      0
     600.027     -13.3262      509.440      1      0      2.48335e-05      0
     600.011      13.3886      509.442      1      0      2.48335e-05      0
     599.968      40.0115      509.446      1      0      2.48335e-05      0
     599.968      66.6822      509.441      1      0      2.48335e-05      0
     599.990      93.3504      509.441      1      0      2.48335e-05      0
     626.679     -93.3556      509.426      1      0      2.48335e-05      0
     626.685     -66.6519      509.440      1      0      2.48335e-05      0
     626.703     -39.9792      509.438      1      0      2.48335e-05      0
     626.697     -13.3140      509.440      1      0      2.48335e-05      0
     626.681      13.3775      509.444      1      0      2.48335e-05      0
     626.636      40.0230      509.448      1      0      2.48335e-05      0
     626.644      66.6943      509.446      1      0      2.48335e-05      0
     626.650      93.3475      509.446      1      0      2.48335e-05      0
     653.335     -93.3560      509.429      1      0      2.48335e-05      0
     653.358     -66.6452      509.436      1      0      2.48335e-05      0
     653.366     -39.9913      509.437      1      0      2.48335e-05      0
     653.360     -13.3116      509.438      1      0      2.48335e-05      0
     653.354      13.3868      509.441      1      0      2.48335e-05      0
     653.302      40.0185      509.446      1      0      2.48335e-05      0
     653.317      66.6887      509.447      1      0      2.48335e-05      0
     653.305      93.3581      509.442      1      0      2.48335e-05      0
     680.001     -93.3483      509.430      1      0      2.48335e-05      0
     680.037     -66.6423      509.436      1      0      2.48335e-05      0
     680.043     -39.9713      509.433      1      0      2.48335e-05      0
     680.023     -13.3089      509.431      1      0      2.48335e-05      0
     680.003      13.3883      509.439      1      0      2.48335e-05      0
     679.961      40.0347      509.452      1      0      2.48335e-05      0
     679.971      66.6897      509.448      1      0      2.48335e-05      0
     679.978      93.3544      509.443      1      0      2.48335e-05      0
     706.674     -93.3738      509.424      1      0      2.48335e-05      0
     706.696     -66.6391      509.432      1      0      2.48335e-05      0
     706.700     -39.9751      509.435      1      0      2.48335e-05      0
     706.693     -13.3141      509.433      1      0      2.48335e-05      0
     706.658      13.3831      509.457      1      0      -0.000112665      0
     706.623      40.0430      509.467      1      0      -0.000262661      0
     706.648      66.6980      509.443      1      0      5.60837e-05      0
     706.620      93.3534      509.464      1      0      -0.000162664      0
     733.327     -66.6900      509.440      1      0      -0.000200163      0
     733.371     -39.9852      509.416      1      0      0.000231088      0
     733.367     -13.3150      509.421      1      0      0.000118585      0
     733.343      13.3913      509.435      1      0      0.000112335      0
     733.317      40.0248      509.443      1      0      0.000174836      0
     733.309      66.6727      509.462      1      0      -0.000112665      0
     546.650     -66.7055      548.338      1      0      -0.000137665      0
     546.679     -39.9874      548.344      1      0      -0.000150165      0
     546.694     -13.3116      548.321      1      0      0.000199837      0
     546.663      13.3805      548.344      1      0      -0.000162664      0
     546.650      40.0114      548.331      1      0      3.10836e-05      0
     546.649      66.6923      548.329      1      0      1.85835e-05      0
     573.347     -93.3419      548.325      1      0      1.85835e-05      0
     573.351     -66.6604      548.331      1      0      1.85835e-05      0
     573.371     -39.9761      548.332      1      0      1.85835e-05      0
     573.359     -13.3134      548.331      1      0      1.85835e-05      0
     573.337      13.3911      548.333      1      0      1.85835e-05      0
     573.304      40.0202      548.331      1      0      1.85835e-05      0
     573.318      66.6809      548.338      1      0      1.85835e-05      0
     573.320      93.3455      548.333      1      0      1.85835e-05      0
     600.016     -93.3491      548.322      1      0      1.85835e-05      0
     600.028     -66.6654      548.331      1      0      1.85835e-05      0
     600.020     -39.9858      548.333      1      0      1.85835e-05      0
     600.030     -13.3124      548.329      1      0      1.85835e-05      0
     600.006      13.3886      548.334      1      0      1.85835e-05      0
     599.980      40.0188      548.334      1      0      1.85835e-05      0
     599.977      66.6892      548.335      1      0      1.85835e-05      0
     599.975      93.3556      548.333      1      0      1.85835e-05      0
     626.686     -93.3495      548.319      1      0      1.85835e-05      0
     626.691     -66.6420      548.332      1      0      1.85835e-05      0
     626.697     -39.9826      548.330      1      0      1.85835e-05      0
     626.687     -13.3104      548.330      1      0      1.85835e-05      0
     626.677      13.3987      548.330      1      0      1.85835e-05      0
     626.644      40.0231      548.336      1      0      1.85835e-05      0
     626.642      66.6908      548.332      1      0      1.85835e-05      0
     626.638      93.3534      548.332      1      0      1.85835e-05      0
     653.354     -93.3501      548.316      1      0      1.85835e-05      0
     653.364     -66.6557      548.327      1      0      1.85835e-05      0
     653.370     -39.9773      548.322      1      0      1.85835e-05      0
     653.376     -13.3045      548.324      1      0      1.85835e-05      0
     653.348      13.3975      548.334      1      0      1.85835e-05      0
     653.298      40.0255      548.340      1      0      1.85835e-05      0
     653.308      66.6816      548.337      1      0      1.85835e-05      0
     653.314      93.3552      548.336      1      0      1.85835e-05      0
     680.016     -93.3553      548.312      1      0      1.85835e-05      0
     680.025     -66.6490      548.329      1      0      1.85835e-05      0
     680.022     -39.9854      548.333      1      0      -7.5166e-05      0
     680.022     -13.3053      548.338      1      0      -0.000200163      0
     679.995      13.3920      548.348      1      0      -0.000187663      0
     679.961      40.0241      548.357      1      0      -0.000237662      0
     679.987      66.6863      548.324      1      0      0.000237338      0
     679.966      93.3542      548.345      1      0      -5.64163e-05      0
     706.656     -93.3770      548.326      1      0      -6.26662e-05      0
     706.695     -66.6426      548.317      1      0      0.000187337      0
     706.689     -39.9859      548.332      1      0      -0.000156414      0
     706.692     -13.3214      548.332      1      0      -0.000156414      0
     706.675      13.4012      548.343      1      0      -0.00027516      0
     706.639      40.0286      548.341      1      0      -1.89165e-05      0
     706.633      66.6840      548.344      1      0      -6.41653e-06      0
     706.630      93.3501      548.344      1      0      -6.41653e-06      0
     733.344     -66.6969      548.314      1      0      -6.41653e-06      0
     733.356     -39.9781      548.327      1      0      -6.41653e-06      0
     733.353     -13.3078      548.324      1      0      -6.41653e-06      0
     733.334      13.3841      548.336      1      0      -6.41653e-06      0
     733.310      40.0284      548.342      1      0      -6.41653e-06      0
     733.302      66.6762      548.346      1      0      -6.41653e-06      0
     546.666     -66.6969      587.224      1      0      -6.41653e-06      0
     546.692     -39.9780      587.225      1      0      -6.41653e-06      0
     546.694     -13.3150      587.227      1      0      -6.41653e-06      0
     546.681      13.3971      587.227      1      0      -6.41653e-06      0
     546.653      40.0181      587.222      1      0      -6.41653e-06      0
     546.640      66.6916      587.219      1      0      -6.41653e-06      0
     573.353     -93.3517      587.210      1      0      -6.41653e-06      0
     573.370     -66.6392      587.226      1      0      -6.41653e-06      0
     573.359     -39.9791      587.226      1      0      -6.41653e-06      0
     573.368     -13.3101      587.225      1      0      -6.41653e-06      0
     573.346      13.3811      587.228      1      0      -6.41653e-06      0
     573.301      40.0302      587.219      1      0      -6.41653e-06      0
     573.299      66.6829      587.218      1      0      -6.41653e-06      0
     573.305      93.3626      587.219      1      0      -6.41653e-06      0
     600.013     -93.3522      587.208      1      0      -6.41653e-06      0
     600.036     -66.6426      587.223      1      0      -6.41653e-06      0
     600.026     -39.9655      587.219      1      0      -6.41653e-06      0
     600.021     -13.2915      587.224      1      0      -6.41653e-06      0
     600.009      13.3886      587.224      1      0      -6.41653e-06      0
     599.975      40.0255      587.226      1      0      -6.41653e-06      0
     599.969      66.6856      587.227      1      0      -6.41653e-06      0
     599.980      93.3656      587.213      1      0      -6.41653e-06      0
     626.683     -93.3527      587.208      1      0      -6.41653e-06      0
     626.686     -66.6554      587.218      1      0      -6.41653e-06      0
     626.698     -39.9931      587.220      1      0      -6.41653e-06      0
     626.694     -13.3105      587.216      1      0      -6.41653e-06      0
     626.663      13.3986      587.224      1      0      -6.41653e-06      0
     626.627      40.0228      587.226      1      0      -6.41653e-06      0
     626.642      66.6875      587.224      1      0      -6.41653e-06      0
     626.636      93.3630      587.222      1      0      -6.41653e-06      0
     653.337     -93.3532      587.217      1      0      -0.000200163      0
     653.370     -66.6523      587.211      1      0      9.98343e-05      0
     653.364     -39.9841      587.209      1      0      0.000143585      0
     653.377     -13.3224      587.202      1      0      0.000237338      0
     653.363      13.3868      587.208      1      0      0.000199837      0
     653.311      40.0220      587.210      1      0      0.000243589      0
     653.302      66.6919      587.233      1      0      -8.14159e-05      0
     653.312      93.3515      587.217      1      0      0.000168586      0
     680.031     -93.3421      587.195      1      0      0.000243589      0
     680.032     -66.6596      587.217      1      0      -3.14164e-05      0
     680.019     -39.9889      587.215      1      0      -1.89165e-05      0
     680.039     -13.3125      587.212      1      0      -1.89165e-05      0
     680.021      13.3956      587.218      1      0      -1.89165e-05      0
     679.966      40.0133      587.233      1      0      -1.89165e-05      0
     679.979      66.6933      587.227      1      0      -1.89165e-05      0
     679.968      93.3476      587.232      1      0      -1.89165e-05      0
     706.671     -93.3671      587.211      1      0      -1.89165e-05      0
     706.692     -66.6426      587.215      1      0      -1.89165e-05      0
     706.685     -39.9858      587.215      1      0      -1.89165e-05      0
     706.703     -13.2996      587.212      1      0      -1.89165e-05      0
     706.670      13.4049      587.225      1      0      -1.89165e-05      0
     706.643      40.0287      587.229      1      0      -1.89165e-05      0
     706.638      66.6806      587.235      1      0      -1.89165e-05      0
     706.642      93.3535      587.228      1      0      -1.89165e-05      0
     733.343     -66.6760      587.208      1      0      -1.89165e-05      0
     733.355     -39.9852      587.214      1      0      -1.89165e-05      0
     733.351     -13.3114      587.214      1      0      -1.89165e-05      0
     733.337      13.3986      587.221      1      0      -1.89165e-05      0
     733.305      40.0355      587.237      1      0      -1.89165e-05      0
     733.308      66.6971      587.230      1      0      -1.89165e-05      0
     546.659     -66.6932      626.114      1      0      -1.89165e-05      0
     546.698     -39.9815      626.116      1      0      -1.89165e-05      0
     546.699     -13.2986      626.118      1      0      -1.89165e-05      0
     546.674      13.3872      626.119      1      0      -1.89165e-05      0
     546.633      40.0236      626.106      1      0      -1.89165e-05      0
     546.650      66.6800      626.115      1      0      -1.89165e-05      0
     573.338     -93.3473      626.098      1      0      -1.89165e-05      0
     573.359     -66.6578      626.114      1      0      -1.89165e-05      0
     573.359     -39.9858      626.113      1      0      -1.89165e-05      0
     573.353     -13.3201      626.109      1      0      -1.89165e-05      0
     573.340      13.3980      626.109      1      0      -1.89165e-05      0
     573.308      40.0171      626.112      1      0      -1.89165e-05      0
     573.313      66.6871      626.113      1      0      -1.89165e-05      0
     573.307      93.3506      626.107      1      0      -1.89165e-05      0
     600.024     -93.3530      626.102      1      0      -1.89165e-05      0
     600.021     -66.6452      626.115      1      0      -1.89165e-05      0
     600.039     -39.9864      626.112      1      0      -1.89165e-05      0
     600.029     -13.3193      626.109      1      0      -1.89165e-05      0
     600.009      13.3816      626.113      1      0      -1.89165e-05      0
     599.968      40.0150      626.112      1      0      -1.89165e-05      0
     599.986      66.6927      626.097      1      0      0.000162336      0
     599.977      93.3504      626.129      1      0      -0.000250161      0
     626.683     -93.3464      626.101      1      0      -8.14159e-05      0
     626.689     -66.6486      626.104      1      0      6.85839e-05      0
     626.705     -39.9826      626.093      1      0      0.000174836      0
     626.700     -13.3105      626.100      1      0      0.000124835      0
     626.683      13.3846      626.102      1      0      0.000149835      0
     626.648      40.0335      626.105      1      0      0.000206087      0
     626.633      66.6943      626.125      1      0      -0.000206413      0
     626.642      93.3502      626.106      1      0      6.23338e-05      0
     653.344     -93.3431      626.095      1      0      6.85839e-05      0
     653.354     -66.6386      626.123      1      0      -0.000212663      0
     653.381     -39.9878      626.089      1      0      0.00026859      0
     653.356     -13.3152      626.115      1      0      -9.39158e-05      0
     653.352      13.3832      626.107      1      0      9.98343e-05      0
     653.305      40.0326      626.104      1      0      0.000174836      0
     653.297      66.6850      626.124      1      0      -0.000162664      0
     653.315      93.3549      626.101      1      0      0.000199837      0
     680.001     -93.3483      626.097      1      0      3.10836e-05      0
     680.032     -66.6422      626.106      1      0      1.85835e-05      0
     680.045     -39.9749      626.099      1      0      1.85835e-05      0
     680.027     -13.3089      626.104      1      0      1.85835e-05      0
     680.015      13.3811      626.108      1      0      1.85835e-05      0
     679.976      40.0348      626.114      1      0      1.85835e-05      0
     679.959      66.7034      626.117      1      0      1.85835e-05      0
     679.968      93.3575      626.113      1      0      1.85835e-05      0
     706.673     -93.3804      626.092      1      0      1.85835e-05      0
     706.692     -66.6461      626.101      1      0      1.85835e-05      0
     706.703     -39.9752      626.098      1      0      1.85835e-05      0
     706.691     -13.3177      626.099      1      0      1.85835e-05      0
     706.674      13.3794      626.110      1      0      1.85835e-05      0
     706.643      40.0322      626.117      1      0      1.85835e-05      0
     706.642      66.6980      626.116      1      0      1.85835e-05      0
     706.642      93.3502      626.118      1      0      1.85835e-05      0
     733.349     -66.6830      626.094      1      0      1.85835e-05      0
     733.361     -39.9852      626.099      1      0      1.85835e-05      0
     733.351     -13.3150      626.100      1      0      1.85835e-05      0
     733.340      13.3877      626.108      1      0      1.85835e-05      0
     733.313      40.0248      626.120      1      0      1.85835e-05      0
     733.312      66.6796      626.122      1      0      1.85835e-05      0
     546.664     -66.7028      664.995      1      0      1.85835e-05      0
     546.692     -39.9876      665.000      1      0      1.85835e-05      0
     546.695     -13.3216      665.001      1      0      1.85835e-05      0
     546.678      13.3839      665.004      1      0      1.85835e-05      0
     546.653      40.0051      665.002      1      0      1.85835e-05      0
     546.637      66.6850      664.995      1      0      1.85835e-05      0
     573.350     -93.3514      664.990      1      0      1.85835e-05      0
     573.352     -66.6508      665.002      1      0      1.85835e-05      0
     573.358     -39.9757      664.997      1      0      1.85835e-05      0
     573.367     -13.3135      664.999      1      0      1.85835e-05      0
     573.329      13.3843      665.008      1      0      -0.000137665      0
     573.300      40.0173      665.019      1      0      -0.000256411      0
     573.301      66.6899      665.006      1      0      -0.000143915      0
     573.323      93.3521      665.002      1      0      -6.41653e-06      0
     600.022     -93.3528      664.990      1      0      6.08347e-06      0
     600.019     -66.6517      665.002      1      0      6.08347e-06      0
     600.023     -39.9791      665.001      1      0      6.08347e-06      0
     600.026     -13.3123      664.999      1      0      6.08347e-06      0
     600.010      13.3886      665.001      1      0      6.08347e-06      0
     599.983      40.0120      665.004      1      0      6.08347e-06      0
     599.980      66.6894      665.000      1      0      6.08347e-06      0
     599.976      93.3526      664.999      1      0      6.08347e-06      0
     626.687     -93.3399      664.992      1      0      6.08347e-06      0
     626.684     -66.6384      664.996      1      0      6.08347e-06      0
     626.696     -39.9826      664.996      1      0      6.08347e-06      0
     626.684     -13.3068      664.999      1      0      6.08347e-06      0
     626.683      13.4235      664.995      1      0      6.08347e-06      0
     626.640      40.0231      665.003      1      0      6.08347e-06      0
     626.645      66.6842      665.000      1      0      6.08347e-06      0
     626.636      93.3565      665.000      1      0      6.08347e-06      0
     653.339     -93.3463      664.987      1      0      6.08347e-06      0
     653.365     -66.6592      664.994      1      0      6.08347e-06      0
     653.359     -39.9806      664.992      1      0      6.08347e-06      0
     653.349     -13.3079      664.987      1      0      6.08347e-06      0
     653.321      13.4081      664.996      1      0      6.08347e-06      0
     653.307      40.0222      665.007      1      0      6.08347e-06      0
     653.310      66.6851      665.004      1      0      6.08347e-06      0
     653.308      93.3517      665.003      1      0      6.08347e-06      0
     680.020     -93.3554      664.979      1      0      6.08347e-06      0
     680.036     -66.6492      664.996      1      0      6.08347e-06      0
     680.024     -39.9747      664.995      1      0      6.08347e-06      0
     680.034     -13.3234      664.990      1      0      6.08347e-06      0
     680.005      13.3920      665.001      1      0      6.08347e-06      0
     679.979      40.0277      665.004      1      0      6.08347e-06      0
     679.966      66.6896      665.006      1      0      6.08347e-06      0
     679.985      93.3612      665.003      1      0      6.08347e-06      0
     706.649     -93.3769      664.992      1      0      6.08347e-06      0
     706.681     -66.6390      664.997      1      0      6.08347e-06      0
     706.697     -39.9859      664.989      1      0      6.08347e-06      0
     706.700     -13.3141      664.987      1      0      6.08347e-06      0
     706.687      13.3976      664.992      1      0      6.08347e-06      0
     706.629      40.0358      665.011      1      0      6.08347e-06      0
     706.641      66.6910      665.010      1      0      6.08347e-06      0
     706.632      93.3601      665.007      1      0      6.08347e-06      0
     733.344     -66.6969      664.980      1      0      6.08347e-06      0
     733.353     -39.9709      664.994      1      0      6.08347e-06      0
     733.359     -13.3114      664.987      1      0      6.08347e-06      0
     733.332      13.3877      665.004      1      0      6.08347e-06      0
     733.305      40.0248      665.011      1      0      6.08347e-06      0
     733.304      66.6797      665.011      1      0      6.08347e-06      0
