  0.0524773   0.0556473     1.32381    0.999859 -0.00143174  0.00302785   0.0164265
 -0.038857   0.222477    1.40906   0.999851 -0.0015235 0.00451392  0.0165685
 -0.0124065    0.223315      1.4144    0.999852 -0.00130079  0.00430413   0.0166115
  0.0140267    0.224124      1.4198    0.999854 -0.00144012   0.0037776   0.0166095
  0.0404258    0.225028     1.42522    0.999855 -0.00132745  0.00316711   0.0166884
   0.0667416     0.226017      1.43069     0.999853 -0.000788879   0.00293951    0.0168463
   0.0931121     0.226997      1.43616     0.999855 -0.000797564   0.00217506    0.0168971
 -0.0598161    0.223412     1.37754    0.999852 -0.00126582  0.00427489   0.0166121
 -0.0333715    0.224149     1.38292    0.999852 -0.00138646  0.00436526    0.016579
-0.00693505    0.224962     1.38828    0.999853 -0.00131791  0.00409192   0.0165779
  0.0194331    0.225852     1.39367    0.999853 -0.00102454   0.0039321   0.0166733
  0.0458255    0.226673     1.39906    0.999856 -0.00128279   0.0030299   0.0166541
     0.07215     0.227666      1.40454     0.999855 -0.000812324    0.0026407    0.0167775
   0.0984634     0.228651      1.40998     0.999855 -0.000626889   0.00209276    0.0168632
    0.124715     0.229589      1.41543     0.999856 -0.000890454   0.00139471    0.0168745
 -0.0543468    0.225062     1.35148    0.999852 -0.00118677  0.00417504   0.0166171
  -0.027935    0.225767     1.35677    0.999853 -0.00162398  0.00431241   0.0165325
-0.00152635    0.226576     1.36215    0.999854  -0.0015742  0.00411562   0.0165035
  0.0248385    0.227466     1.36754    0.999854 -0.00136352  0.00384246   0.0165701
   0.0512159     0.228423      1.37298     0.999856 -0.000855114   0.00304213    0.0166756
   0.0774871     0.229273      1.37841     0.999857 -0.000981102   0.00267043    0.0166648
    0.103774     0.230248      1.38384     0.999857 -0.000852312   0.00185518    0.0167626
    0.130042      0.23127      1.38935     0.999857 -0.000785388   0.00143178    0.0168028
 -0.0489218    0.226663     1.32545    0.999854 -0.00138763  0.00399611   0.0165551
 -0.0225212    0.227449     1.33077    0.999854 -0.00142923  0.00402682   0.0165399
 0.00384263    0.228269     1.33613    0.999855 -0.00123214  0.00387842   0.0165414
  0.0301783    0.229157     1.34152    0.999856 -0.00115927  0.00343794   0.0165808
   0.0565422     0.230039      1.34692     0.999857 -0.000975191   0.00313499     0.016605
   0.0828049     0.230959      1.35241     0.999858 -0.000785364   0.00239078    0.0166608
    0.109062     0.231897      1.35778     0.999859 -0.000778045   0.00162635    0.0167202
    0.135289     0.232878      1.36327     0.999859 -0.000686183   0.00137527     0.016716
 -0.0435428    0.228301     1.29943    0.999854 -0.00141769  0.00401471   0.0165493
 -0.0171652    0.229111     1.30475    0.999855 -0.00144679  0.00387659   0.0165215
 0.00921922    0.229943     1.31012    0.999856 -0.00127031  0.00380177   0.0165122
 0.0354994   0.230811    1.31552   0.999857 -0.0010707 0.00324811  0.0165455
     0.06186     0.231683      1.32095     0.999858 -0.000866594    0.0029957    0.0165686
   0.0880778     0.232602       1.3264      0.99986 -0.000775244   0.00222564    0.0165956
    0.114293     0.233538      1.33184      0.99986 -0.000700877   0.00151063    0.0166494
     0.14054       0.2345      1.33725      0.99986 -0.000718202   0.00114293    0.0166602
  -0.038164    0.229927     1.27348    0.999855 -0.00143048  0.00394414   0.0165068
 -0.0117813     0.23072     1.27884    0.999856 -0.00141576  0.00392819   0.0164497
  0.0145545    0.231559      1.2842    0.999857 -0.00126872  0.00379405   0.0164365
  0.0408359    0.232408      1.2896    0.999859 -0.00106645  0.00321889   0.0164713
    0.067145     0.233299      1.29501     0.999859 -0.000926685   0.00289457    0.0164927
   0.0933633     0.234197      1.30045     0.999861 -0.000750964   0.00201268    0.0165184
    0.119564      0.23513      1.30588     0.999862 -0.000668416   0.00156833    0.0165413
    0.145762     0.236074      1.31136     0.999862 -0.000488435    0.0010222    0.0165849
 -0.0328515    0.231495      1.2476    0.999855 -0.00149836  0.00408835   0.0164599
-0.00645494    0.232297     1.25296    0.999856 -0.00137463  0.00401415   0.0164159
  0.0198354    0.233152     1.25833    0.999857 -0.00116911  0.00384234   0.0164217
   0.0461282     0.234015      1.26374     0.999859 -0.000970147   0.00343394    0.0164267
    0.072453     0.234899      1.26912     0.999861 -0.000936822   0.00293713    0.0163822
   0.0985944     0.235783       1.2746     0.999862 -0.000612459   0.00193569     0.016461
    0.124811     0.236716      1.27999     0.999863 -0.000656366   0.00161014    0.0164364
    0.150991     0.237655      1.28546     0.999864 -0.000522251   0.00117867    0.0164443
-0.00119409    0.233879     1.22713    0.999857 -0.00137576   0.0040156   0.0163448
  0.0251309    0.234719     1.23249    0.999859 -0.00129434  0.00359719   0.0163438
   0.0514181     0.235574       1.2379     0.999861 -0.000979521   0.00328682    0.0163415
   0.0776762     0.236458      1.24333     0.999862 -0.000780045   0.00287686    0.0163317
    0.103836      0.23735      1.24876     0.999864 -0.000512823    0.0020187    0.0163664
    0.130027      0.23827      1.25417     0.999865 -0.000579046   0.00157013    0.0163358
 -0.0374399    0.183608     1.40733    0.999852 -0.00143565   0.0043712   0.0165962
 -0.0109491     0.18444     1.41271    0.999853 -0.00149542  0.00402675   0.0166057
  0.0154744    0.185288     1.41806    0.999853 -0.00137049  0.00375714   0.0166681
  0.0418876    0.186182     1.42353    0.999855 -0.00124858  0.00288718   0.0167515
  0.0682045    0.187103     1.42893    0.999855 -0.00118321  0.00242241   0.0168251
   0.0945747     0.188062      1.43441     0.999855 -0.000985251   0.00199423    0.0168804
  -0.058388    0.184514     1.37584    0.999851 -0.00148378  0.00453256   0.0165686
 -0.0319053    0.185293     1.38117    0.999852 -0.00149687  0.00437138   0.0165723
-0.00550789    0.186104     1.38656    0.999854 -0.00137352  0.00383989   0.0166206
  0.0208938    0.186967     1.39195    0.999854 -0.00122067  0.00367096   0.0166503
  0.0472841    0.187859     1.39737    0.999856 -0.00124129  0.00301671   0.0166756
   0.073583    0.188794     1.40282    0.999856 -0.00109116  0.00248537   0.0167804
  0.0999076    0.189742     1.40826    0.999857 -0.00103097  0.00194734   0.0167935
    0.126193     0.190736      1.41375     0.999857 -0.000917575   0.00141586    0.0168534
  -0.052903    0.186165     1.34978    0.999852 -0.00132787  0.00434395   0.0165754
 -0.0264931    0.186945     1.35506    0.999853 -0.00149762  0.00434668   0.0165372
-9.95204e-05     0.187767      1.36044     0.999854  -0.00136155   0.00387032    0.0165786
  0.0262712    0.188629     1.36582    0.999854 -0.00117803  0.00371061   0.0166168
  0.0526731    0.189514     1.37127    0.999857 -0.00109881  0.00298324    0.016634
   0.078942    0.190431     1.37673    0.999857 -0.00112273  0.00234169   0.0167025
    0.105241     0.191382      1.38212     0.999858 -0.000971551   0.00184308    0.0167328
   0.131513    0.192377     1.38764    0.999858 -0.00086456  0.00143763   0.0167677
 -0.0474882    0.187806     1.32373    0.999852 -0.00148194   0.0043972   0.0165478
 -0.0210958    0.188605     1.32903    0.999853 -0.00153835  0.00420423   0.0165324
 0.00529268     0.18943     1.33443    0.999854 -0.00138009  0.00396991   0.0165368
  0.0316143    0.190298     1.33978    0.999856 -0.00132672  0.00361055    0.016541
  0.0579722    0.191175     1.34523    0.999857 -0.00100656  0.00292469    0.016606
   0.0842445     0.192089      1.35067     0.999859 -0.000945713   0.00194164    0.0166741
   0.110528    0.193025      1.3561    0.999859 -0.00093294  0.00174538   0.0166574
   0.136745    0.194017      1.3616    0.999859 -0.00073939  0.00149949   0.0167062
 -0.0420888    0.189445     1.29773    0.999853 -0.00148485  0.00431381   0.0165037
 -0.0157011    0.190242     1.30305    0.999854 -0.00154644  0.00417105   0.0164936
  0.0106277    0.191083     1.30844    0.999855 -0.00133749  0.00401026   0.0165055
 0.0369689   0.191938     1.3138   0.999857 -0.0012573 0.00342859   0.016495
    0.063286      0.19282      1.31925     0.999858 -0.000894802   0.00294894    0.0165551
   0.0895093     0.193729      1.32469      0.99986 -0.000825798   0.00204535    0.0166025
    0.115769     0.194662      1.33012     0.999861 -0.000834132   0.00143744    0.0166128
   0.141994    0.195622     1.33558    0.999861 -0.00074717  0.00144393    0.016605
 -0.0367263    0.191066     1.27181    0.999854 -0.00136291  0.00427056   0.0165059
   -0.01033    0.191853     1.27713    0.999856 -0.00144171  0.00388589   0.0164576
  0.0159788    0.192708     1.28252    0.999856 -0.00115674  0.00399618   0.0164708
  0.0422749    0.193555     1.28787    0.999858 -0.00114081  0.00346501   0.0164516
   0.0685857     0.194446       1.2933      0.99986 -0.000852085    0.0026516    0.0165187
   0.0947943     0.195342      1.29873     0.999861 -0.000931945   0.00197901    0.0165159
    0.121018     0.196279      1.30418     0.999862 -0.000754448   0.00155086    0.0165304
    0.147214     0.197211      1.30962     0.999862 -0.000672642   0.00128334    0.0165263
  -0.031397    0.192648     1.24592    0.999855 -0.00146607  0.00428096   0.0164385
-0.00503383    0.193461     1.25127    0.999856  -0.0012994  0.00399977   0.0164332
  0.0212848    0.194297     1.25663    0.999856 -0.00114591  0.00409056   0.0164135
  0.0475797    0.195173     1.26199    0.999859 -0.00105589  0.00359813   0.0163863
   0.0738581     0.196044      1.26745     0.999861 -0.000748863   0.00269919    0.0164295
    0.100034     0.196944      1.27284     0.999863 -0.000889794   0.00183367    0.0164357
    0.126249     0.197859      1.27831     0.999863 -0.000678134   0.00155232    0.0164392
   0.152446    0.198788     1.28374    0.999864 -0.00055772  0.00120488   0.0164294
0.000242607     0.19504     1.22541    0.999857 -0.00130756   0.0040402   0.0163721
  0.0265564    0.195869     1.23079    0.999858 -0.00114583  0.00387594    0.016349
   0.0528094     0.196739      1.23617      0.99986 -0.000972587   0.00354368    0.0163401
  0.0791023    0.197628     1.24161    0.999863 -0.00077203  0.00257734   0.0163611
    0.105254     0.198496      1.24702     0.999864 -0.000692353   0.00197492    0.0163727
    0.131476     0.199423      1.25245     0.999865 -0.000703761   0.00156651    0.0163187
-0.0359958     0.1447    1.40563   0.999852 -0.0016817 0.00433457  0.0165527
-0.00950813     0.14554     1.41094    0.999853   -0.001644  0.00409922   0.0165875
  0.0169361    0.146411     1.41635    0.999854 -0.00142989  0.00359599   0.0166564
  0.0433293    0.147302     1.42181    0.999855 -0.00134151  0.00278647   0.0167239
  0.0696954    0.148225     1.42725    0.999856 -0.00135494  0.00236726   0.0167357
  0.0961295    0.149168     1.43272    0.999856 -0.00140328  0.00237107   0.0167739
 -0.0569723    0.145624     1.37416    0.999852 -0.00150367   0.0043764   0.0165817
 -0.0304815    0.146394     1.37948    0.999852 -0.00166748  0.00427285   0.0165522
-0.00405855    0.147215     1.38483    0.999853 -0.00161069  0.00411556   0.0165689
  0.0223557    0.148087     1.39023    0.999854 -0.00126884  0.00357171   0.0166416
  0.0487639    0.148985     1.39563    0.999856 -0.00145656   0.0028761     0.01664
  0.0750617    0.149912     1.40108    0.999857 -0.00123913   0.0025199   0.0167056
   0.10141   0.150851    1.40657   0.999857 -0.0011342 0.00170044  0.0167762
    0.127761     0.151821      1.41207     0.999857 -0.000994612   0.00147709    0.0167953
 -0.0514668     0.14727     1.34806    0.999852 -0.00139814  0.00434785   0.0165857
  -0.025041    0.148048     1.35335    0.999853 -0.00170879  0.00416475   0.0165223
 0.00131977    0.148903     1.35873    0.999854 -0.00154539  0.00392822   0.0165507
  0.0277223    0.149764     1.36414    0.999855 -0.00127718  0.00356558   0.0165955
  0.0541329    0.150651     1.36954    0.999858 -0.00139204  0.00272539   0.0165879
 0.0803944    0.15156    1.37501   0.999858 -0.0012345 0.00228911  0.0166508
   0.10669   0.152502    1.38046   0.999859 -0.0010792 0.00183479  0.0166752
     0.13301      0.15347      1.38595     0.999859 -0.000916453     0.001411    0.0167212
 -0.0460574    0.148928     1.32204    0.999852 -0.00138029  0.00441773   0.0165421
 -0.0196354    0.149722     1.32733    0.999854 -0.00158509   0.0041852   0.0165178
 0.00671914    0.150555     1.33269    0.999854 -0.00149881  0.00399236   0.0165172
  0.0330662    0.151422     1.33813    0.999856 -0.00107839   0.0034292    0.016569
  0.0594324    0.152297     1.34348    0.999859 -0.00127838  0.00280443   0.0165332
 0.0857004   0.153217      1.349   0.999859 -0.0012308 0.00238057  0.0165789
   0.111987    0.154142     1.35437     0.99986 -0.00100742  0.00161648   0.0166042
    0.138228     0.155106      1.35988      0.99986 -0.000863433   0.00149438    0.0166482
 -0.0406542     0.15056     1.29603    0.999853 -0.00147454  0.00432709   0.0165024
 -0.0142483    0.151377     1.30137    0.999855 -0.00148427  0.00403349      0.0165
  0.0120907    0.152214     1.30672    0.999856 -0.00142037  0.00385478   0.0164674
  0.0384007    0.153069     1.31213    0.999857 -0.00110182   0.0033109   0.0165296
  0.0647592    0.153947     1.31754    0.999859 -0.00110613  0.00273227   0.0165253
  0.0909608     0.15485     1.32298     0.99986 -0.00104566  0.00219898   0.0165435
   0.117232    0.155801     1.32842    0.999861 -0.00088653  0.00154643   0.0165535
    0.143467     0.156724      1.33385     0.999862 -0.000869174   0.00140771    0.0165446
 -0.0352819    0.152192     1.27007    0.999854 -0.00158843  0.00436748   0.0164593
-0.00890113    0.152986     1.27541    0.999856 -0.00137496  0.00379982   0.0164897
  0.0174381    0.153823      1.2808    0.999856 -0.00130982  0.00393195   0.0164453
  0.0437346    0.154681     1.28621    0.999858 -0.00111394  0.00330823   0.0164587
  0.070038   0.155561    1.29159    0.99986 -0.0010708 0.00278409   0.016459
  0.0962374     0.15647     1.29701    0.999862 -0.00103156  0.00202004   0.0164699
    0.122454     0.157399      1.30251     0.999862 -0.000699111   0.00142889    0.0165087
    0.148674     0.158333      1.30792     0.999863 -0.000736431   0.00119778    0.0164869
-0.0299819   0.153795    1.24424   0.999854 -0.0014633 0.00434124  0.0164447
-0.00359537    0.154581     1.24954    0.999856 -0.00144204  0.00406101   0.0164196
  0.0227151    0.155426     1.25493    0.999857 -0.00118499  0.00381215   0.0164197
  0.0490095    0.156287     1.26028     0.99986 -0.00118281  0.00331919   0.0163735
  0.0752901    0.157169     1.26569    0.999862 -0.00114297  0.00263966   0.0163665
   0.101508    0.158065     1.27112    0.999864 -0.00112215  0.00209891   0.0163373
    0.127704     0.158984       1.2766     0.999864 -0.000669827   0.00139998    0.0163962
   0.153891    0.159904     1.28203    0.999865 -0.00069579  0.00124274   0.0163606
  0.0016498    0.156172     1.22371    0.999857 -0.00144743  0.00407827   0.0163402
  0.0279772    0.157002      1.2291    0.999858 -0.00112795  0.00377703   0.0163754
  0.0542623    0.157863     1.23444    0.999861 -0.00111528  0.00327355   0.0163221
 0.0805189   0.158747    1.23986   0.999863 -0.0009542 0.00265181  0.0163153
    0.106698     0.159627      1.24531     0.999865 -0.000976975   0.00196123    0.0162948
   0.132888     0.16053     1.25075    0.999866 -0.00069417  0.00149813    0.016274
 -0.0345686    0.105771      1.4039    0.999852 -0.00177531  0.00442526   0.0165518
  -0.008066    0.106595     1.40924    0.999853 -0.00169707  0.00398403   0.0166105
  0.0183974    0.107459     1.41468    0.999853 -0.00157584  0.00379948   0.0166182
  0.0448873    0.108337     1.42009    0.999856 -0.00176398  0.00301795   0.0166161
 0.0712835   0.109279    1.42554   0.999857 -0.0015138 0.00237584  0.0166959
  0.0976729    0.110238     1.43105    0.999857 -0.00124264  0.00219279   0.0167488
 -0.0555635    0.106732     1.37242    0.999853 -0.00141343  0.00401605   0.0166117
 -0.0291048    0.107485     1.37775    0.999852 -0.00153918  0.00417158   0.0165907
-0.00264399    0.108308     1.38314    0.999853  -0.0015204  0.00404719    0.016592
  0.0237929     0.10917     1.38855    0.999854 -0.00144172  0.00383194   0.0165944
  0.0502594    0.110045     1.39392    0.999857 -0.00166091  0.00302394   0.0165788
  0.0766081    0.110959     1.39938    0.999858 -0.00147447   0.0022189   0.0166176
    0.10297    0.111902     1.40488    0.999859 -0.00130119  0.00190466   0.0166576
   0.129298     0.11287     1.41038    0.999859 -0.00103923  0.00142639   0.0167159
 -0.0500727    0.108367     1.34632    0.999852 -0.00148736  0.00427003   0.0165826
 -0.0236431    0.109157     1.35165    0.999853 -0.00154838  0.00419659   0.0165546
  0.0027426    0.109997     1.35701    0.999854 -0.00152025  0.00390536   0.0165662
  0.0291488    0.110867     1.36245    0.999855 -0.00140776  0.00359925   0.0165778
 0.0555658   0.111748     1.3678   0.999857 -0.0016352 0.00304175  0.0165388
   0.081925     0.11264     1.37327    0.999859 -0.00139928  0.00237335   0.0165755
   0.108251    0.113587     1.37875    0.999859 -0.00130295  0.00214648   0.0165912
    0.134557     0.114546      1.38428      0.99986 -0.000924102   0.00140457    0.0166504
 -0.0446371    0.110041     1.32029    0.999853 -0.00139391  0.00412909   0.0165697
 -0.018217   0.110832     1.3256   0.999853 -0.0015333 0.00428185  0.0165225
  0.0081478    0.111681     1.33099    0.999855 -0.00140716  0.00384278   0.0165384
  0.0345152    0.112544     1.33638    0.999856 -0.00141392  0.00350571   0.0165165
  0.0609158    0.113422     1.34174    0.999859 -0.00158624  0.00290422   0.0164802
  0.0871718    0.114308     1.34726    0.999859 -0.00116941  0.00242218   0.0165609
   0.113507    0.115224     1.35263    0.999861 -0.00126264  0.00205842   0.0165167
    0.139794     0.116184      1.35816     0.999862 -0.000930052   0.00136136    0.0165504
 -0.0392137    0.111678     1.29429    0.999854 -0.00145151  0.00416263   0.0165295
 -0.0128332    0.112495     1.29965    0.999854 -0.00144692  0.00404019   0.0165175
  0.0135474    0.113338     1.30503    0.999856 -0.00134823  0.00378034   0.0164727
  0.0398453    0.114197     1.31038    0.999858 -0.00137459  0.00331699   0.0164607
  0.0661839    0.115073     1.31575     0.99986 -0.00155103  0.00276227   0.0164337
  0.0924469    0.115959     1.32123    0.999861 -0.00114477  0.00219561   0.0164786
   0.118725    0.116874      1.3267    0.999862 -0.00107634  0.00161368   0.0164714
    0.145019     0.117811      1.33218     0.999863 -0.000864473   0.00123196    0.0164619
 -0.0338607    0.113308     1.26837    0.999854 -0.00141411  0.00419277   0.0164801
-0.00747982    0.114111     1.27372    0.999855 -0.00143609  0.00405595   0.0164741
 0.0188546   0.114944    1.27909   0.999857 -0.0013429 0.00382443  0.0164319
   0.045162    0.115831     1.28447    0.999859 -0.00129656  0.00335515   0.0163988
  0.0714842    0.116682     1.28983    0.999861 -0.00142862   0.0027966   0.0163814
  0.0977131    0.117585     1.29529    0.999862 -0.00116753  0.00225307   0.0163958
    0.123963     0.118485      1.30077     0.999864 -0.000979202   0.00169057     0.016385
    0.150227     0.119418      1.30623     0.999865 -0.000843441   0.00136273    0.0163469
 -0.0285553    0.114903     1.24252    0.999855 -0.00135947  0.00419655   0.0164661
-0.00215524    0.115699     1.24784    0.999856 -0.00131851  0.00401476   0.0164426
  0.0241564    0.116559      1.2532    0.999857 -0.00125042  0.00394342   0.0163831
 0.0504378   0.117425    1.25854    0.99986 -0.0013398 0.00349311  0.0163252
  0.0767196    0.118317     1.26397    0.999862 -0.00117639  0.00283303   0.0163463
   0.102951    0.119173     1.26939    0.999864 -0.00115485  0.00224236     0.01631
    0.129166     0.120091      1.27488     0.999865 -0.000864743   0.00182684     0.016306
    0.155408      0.12099      1.28035     0.999867 -0.000767149   0.00124661     0.016256
 0.00309387    0.117294     1.22202    0.999857 -0.00129664  0.00408137   0.0163889
  0.0294128    0.118133      1.2274    0.999858 -0.00116858  0.00378785   0.0163484
  0.0556923    0.118997     1.23273    0.999861 -0.00131879  0.00348689   0.0162682
 0.0819552   0.119885    1.23816   0.999863 -0.0010435 0.00273718  0.0162832
  0.108136   0.120743    1.24355   0.999866  -0.001096 0.00198483  0.0162347
    0.134368     0.121645      1.24905     0.999867 -0.000854979   0.00178334    0.0161965
 -0.0331092   0.0668376     1.40219    0.999853 -0.00166504  0.00405467   0.0165774
-0.00659198   0.0676649     1.40758    0.999853 -0.00161569  0.00373842   0.0166362
  0.0198772   0.0685309     1.41295    0.999854 -0.00169225  0.00359945   0.0166277
  0.0463525   0.0694139      1.4184    0.999856 -0.00156542  0.00288755   0.0166604
  0.0727463   0.0703469     1.42383    0.999856 -0.00153021  0.00267189   0.0166665
  0.0990957   0.0713305     1.42939    0.999857 -0.00119433  0.00218705   0.0167461
 -0.0540829   0.0677954     1.37066    0.999851 -0.00154144  0.00454029   0.0165993
 -0.0275989     0.06854     1.37603    0.999852 -0.00163061  0.00422119   0.0165883
-0.00113518   0.0693665     1.38138    0.999855 -0.00162021  0.00350528   0.0165776
  0.0252771   0.0702351     1.38678    0.999855 -0.00166418  0.00352798   0.0165938
  0.0517353    0.071121     1.39222    0.999857 -0.00164772   0.0029451    0.016572
  0.0780691   0.0720387      1.3977    0.999858 -0.00140525  0.00252203   0.0166163
   0.104435   0.0729852     1.40315    0.999858 -0.00126795  0.00210665   0.0166446
    0.130735    0.0739756      1.40869     0.999859 -0.000917783   0.00157235    0.0167083
 -0.0486229   0.0694594     1.34461    0.999852 -0.00145605  0.00425029    0.016607
 -0.0221673   0.0702437     1.34994    0.999853 -0.00140387  0.00400381   0.0166099
 0.00423394   0.0710663     1.35533    0.999855 -0.00146548  0.00349281   0.0165869
  0.0306383   0.0719281     1.36067    0.999856 -0.00162084  0.00335619   0.0165398
  0.0570534   0.0728184     1.36613    0.999858 -0.00160823  0.00281871   0.0165106
  0.0834167   0.0737427     1.37159    0.999859 -0.00139069  0.00242496   0.0165392
   0.109718   0.0746767     1.37707     0.99986 -0.00121885  0.00195437   0.0165654
    0.136009    0.0756465      1.38258      0.99986 -0.000806438   0.00157179    0.0166282
 -0.0432068   0.0711396     1.31863    0.999853 -0.00131403  0.00410196   0.0166252
 -0.0167785   0.0719369     1.32391    0.999854 -0.00146126  0.00407443   0.0165598
 0.00963006   0.0727666      1.3293    0.999856 -0.00137866  0.00353972   0.0165553
  0.0359941    0.073614     1.33466    0.999857 -0.00156299  0.00332324      0.0165
  0.0623826   0.0744999      1.3401    0.999859 -0.00147391  0.00284963   0.0164804
  0.0886855   0.0753956     1.34555     0.99986 -0.00123429  0.00234845   0.0165166
   0.115001   0.0763385       1.351    0.999862 -0.00111182  0.00168922    0.016502
    0.141267    0.0772938      1.35653     0.999862 -0.000761975   0.00133762    0.0165396
  -0.037833   0.0728053     1.29263    0.999852 -0.00119296  0.00412441   0.0166328
-0.0113866  0.0735967    1.29794   0.999854 -0.0014033 0.00401113  0.0165267
  0.0149807   0.0744191     1.30333    0.999856 -0.00127226  0.00366551   0.0165184
  0.0413215   0.0752752     1.30865    0.999858 -0.00161828   0.0033064   0.0164315
  0.0676779   0.0761607     1.31406     0.99986 -0.00143893  0.00273485   0.0164257
   0.093969   0.0770566     1.31954    0.999861 -0.00119334   0.0022569   0.0164463
   0.120219   0.0779851     1.32501    0.999863 -0.00111771  0.00170297   0.0164279
    0.146495    0.0789221      1.33052     0.999864 -0.000744911   0.00133845    0.0164413
 -0.0324253   0.0744278     1.26669    0.999854 -0.00136622  0.00416876   0.0165394
-0.00605719   0.0752446     1.27201    0.999855 -0.00136779  0.00399062   0.0165064
  0.0202968   0.0760647     1.27738    0.999856 -0.00128542  0.00379065   0.0164782
  0.0466326   0.0769395     1.28269     0.99986 -0.00159559  0.00319627   0.0163577
 0.0729834    0.07779    1.28814   0.999861 -0.0013765 0.00276097  0.0163606
  0.0992258   0.0786806     1.29359    0.999863 -0.00129338  0.00217013   0.0163415
  0.125465  0.0796036    1.29905   0.999864 -0.0010095 0.00168929  0.0163561
    0.151722    0.0805539      1.30455     0.999865 -0.000735712   0.00148636    0.0163234
 -0.0271169   0.0760413     1.24081    0.999853 -0.00138555  0.00436012   0.0165102
-0.000737439    0.0768234      1.24616     0.999855  -0.00122483   0.00395559    0.0164919
  0.0256127   0.0776633      1.2515    0.999857 -0.00128314  0.00379431   0.0164107
  0.0519409   0.0785252     1.25683    0.999861 -0.00150741  0.00321175   0.0163126
  0.0782368   0.0794058      1.2623    0.999863 -0.00121027  0.00264404    0.016316
  0.104451  0.0802891    1.26769   0.999864 -0.0012425 0.00218999  0.0162687
     0.13067    0.0811992      1.27318     0.999866 -0.000949217   0.00153873    0.0162736
    0.156915    0.0821209      1.27869     0.999867 -0.000639094   0.00126285    0.0162317
0.00454432  0.0784162    1.22034   0.999856 -0.0011369 0.00398572  0.0164434
  0.0308858   0.0792467     1.22566    0.999858 -0.00124053  0.00382786   0.0163673
  0.0571752   0.0801002     1.23099    0.999861 -0.00144065  0.00337711   0.0162673
  0.0834793   0.0809888     1.23646    0.999864 -0.00113219  0.00274375   0.0162484
   0.109664   0.0818616     1.24186    0.999866 -0.00107689  0.00198631   0.0162102
   0.135887   0.0827634     1.24732    0.999868 -0.00105276  0.00152866   0.0161503
-0.0316651  0.0279467    1.40055   0.999851 -0.0013604 0.00398397  0.0167114
-0.00514809   0.0287758     1.40592    0.999853 -0.00140412  0.00357868   0.0166978
  0.0213355   0.0296344     1.41127    0.999854 -0.00147792  0.00339065   0.0166824
  0.0477887   0.0305308     1.41672    0.999854 -0.00150246  0.00325356   0.0166968
  0.0741696   0.0314745     1.42218    0.999856 -0.00123121  0.00254209   0.0167614
   0.100525     0.03245     1.42768    0.999856 -0.00121299  0.00230526   0.0167554
 -0.0526649   0.0288906      1.3691    0.999847 -0.00128561   0.0048332   0.0167782
  -0.026183   0.0296682     1.37437    0.999852 -0.00139989  0.00400821   0.0166716
0.000267421   0.0304749     1.37975    0.999853 -0.00137526  0.00366604   0.0166668
  0.0267161   0.0313488     1.38515    0.999854 -0.00147279  0.00355949   0.0166382
  0.0531715   0.0322238     1.39058    0.999856 -0.00135205  0.00285346   0.0166495
  0.0795209   0.0331549       1.396    0.999857 -0.00137263  0.00250108   0.0166667
   0.105861    0.034111     1.40152    0.999857 -0.00116325  0.00228796   0.0166881
    0.132178    0.0351218      1.40702     0.999858 -0.000929838   0.00194842    0.0167219
 -0.0471918   0.0305686     1.34297    0.999849 -0.00126456  0.00459573   0.0167346
 -0.0207186   0.0313539     1.34828    0.999853 -0.00136358  0.00393257   0.0166378
  0.0056864   0.0321719     1.35368    0.999855 -0.00137244  0.00348557   0.0166347
  0.0321005   0.0330391     1.35902    0.999855 -0.00142919  0.00347456   0.0165999
  0.0585218   0.0339226     1.36448    0.999858 -0.00137189   0.0027471    0.016583
  0.0848518   0.0348476     1.36993    0.999859 -0.00137538   0.0022099   0.0165865
   0.111175   0.0357793     1.37539    0.999859 -0.00113587  0.00210314   0.0166066
    0.137434    0.0367667      1.38087     0.999859 -0.000923563   0.00181013    0.0166482
 -0.0417577   0.0322458     1.31689     0.99985 -0.00128268  0.00449001    0.016694
 -0.0153047   0.0330425     1.32225    0.999853 -0.00133641  0.00396852   0.0166062
  0.0111024   0.0338803     1.32761    0.999855 -0.00135262  0.00359231   0.0165797
  0.0374628   0.0347277     1.33295    0.999856 -0.00147812  0.00343659   0.0165309
  0.0638313   0.0356075     1.33842    0.999858 -0.00132146  0.00281972   0.0165321
  0.0901504   0.0365169     1.34387     0.99986 -0.00129735  0.00227876   0.0165242
  0.116432  0.0374531    1.34936   0.999861 -0.0011217 0.00202151  0.0165275
    0.142681    0.0384179      1.35483     0.999861 -0.000741288   0.00171208    0.0165763
 -0.0363681   0.0339139     1.29093    0.999852 -0.00123696  0.00420391   0.0166508
-0.00993849   0.0347002     1.29627    0.999854 -0.00134237  0.00396326   0.0165737
  0.0164517   0.0355328     1.30161    0.999856 -0.00136857  0.00373753    0.016516
  0.0428024   0.0363975     1.30702    0.999858 -0.00132669  0.00323975   0.0164902
  0.0691584   0.0372773     1.31239    0.999859 -0.00130509  0.00294947   0.0164625
  0.0954027   0.0381852     1.31788    0.999861 -0.00109799  0.00228022    0.016475
   0.121658   0.0391135     1.32332    0.999862 -0.00101373  0.00205769    0.016446
   0.147911   0.0400505     1.32881    0.999863 -0.00078062  0.00157204     0.01646
 -0.0309596   0.0355328     1.26498    0.999852 -0.00134132  0.00429103   0.0165913
-0.00459541   0.0363468     1.27032    0.999855 -0.00128659  0.00391025   0.0165454
  0.0217802   0.0371951     1.27566    0.999856 -0.00131708  0.00377525   0.0164909
  0.0481126   0.0380439     1.28106    0.999859 -0.00125953  0.00317305   0.0164347
  0.0744375   0.0389093     1.28649    0.999861 -0.00116801  0.00263454   0.0164039
   0.100673   0.0398052     1.29193    0.999862 -0.00117903  0.00242327    0.016371
   0.126917   0.0407289     1.29737    0.999864 -0.00103712  0.00199036    0.016354
   0.153147   0.0416836     1.30286    0.999865 -0.00077332  0.00118133   0.0163536
 -0.0256359   0.0371443     1.23912    0.999853 -0.00125671  0.00410474   0.0165746
0.000758707   0.0379347     1.24442    0.999855 -0.00138814  0.00401303   0.0164852
  0.0270972   0.0387747     1.24979    0.999857 -0.00122301  0.00362904   0.0164454
  0.0534099   0.0396513     1.25521     0.99986 -0.00121739  0.00311597   0.0163775
  0.0797161   0.0405344     1.26064    0.999862 -0.00105594  0.00260991   0.0163506
   0.105904   0.0414179     1.26605    0.999864 -0.00105978  0.00223531    0.016318
    0.132164    0.0423401      1.27149     0.999865 -0.000820939   0.00172746    0.0162944
    0.158386     0.043286        1.277     0.999867 -0.000581773   0.00118194    0.0162519
 0.00604648    0.039536     1.21861    0.999856 -0.00126369   0.0039687   0.0164605
 0.0323787  0.0403681    1.22397   0.999858 -0.0011836 0.00362279  0.0164023
  0.0586682    0.041245     1.22934    0.999861 -0.00126635  0.00315448   0.0163112
  0.0849533    0.042119     1.23475    0.999863 -0.00119896  0.00277603   0.0162455
   0.111133   0.0430081      1.2402    0.999866 -0.00106951  0.00209865   0.0162229
    0.137354    0.0439043      1.24566     0.999867 -0.000907106   0.00170003    0.0161786
 -0.0302998    -0.01093      1.3989    0.999847 -0.00118151  0.00463142   0.0168079
-0.00373654  -0.0100945     1.40419    0.999852 -0.00155308  0.00383021   0.0166886
  0.0227293 -0.00922665     1.40961    0.999853 -0.00144059  0.00347648   0.0167145
  0.0491949 -0.00832214     1.41503    0.999855 -0.00138812  0.00283083   0.0167267
  0.0755666 -0.00738755     1.42053    0.999855 -0.00128515  0.00268121   0.0167413
    0.101927  -0.00643334      1.42604     0.999856 -0.000847961   0.00213082    0.0168316
 -0.0512344 -0.00998116     1.36735    0.999847 -0.00130188   0.0048863   0.0167598
 -0.0247738 -0.00919844     1.37276    0.999848 -0.00119082  0.00445695    0.016796
 0.00168961  -0.0083777     1.37802    0.999853 -0.00148898  0.00377563   0.0166795
  0.0281608 -0.00752394     1.38343    0.999855 -0.00136966  0.00332957    0.016669
   0.054593 -0.00662796     1.38886    0.999857 -0.00139152  0.00267639   0.0166633
   0.080936 -0.00570174     1.39436    0.999857 -0.00113283   0.0024978   0.0167063
    0.107275  -0.00475995      1.39984     0.999857 -0.000970345   0.00223261    0.0167254
    0.133586  -0.00375858      1.40532     0.999858 -0.000861544   0.00165364    0.0167611
 -0.0457921 -0.00828817     1.34128    0.999846 -0.00119663  0.00496806   0.0167866
 -0.0193099 -0.00751168     1.34666    0.999849 -0.00114052  0.00439505   0.0167621
 0.00715858 -0.00667727     1.35189    0.999855 -0.00145324  0.00343832   0.0166292
  0.0335493 -0.00581881     1.35734    0.999855 -0.00146324  0.00331908   0.0166124
  0.0599404 -0.00494346     1.36278    0.999857  -0.0013747  0.00274286   0.0166059
  0.0862595 -0.00402727     1.36825    0.999858  -0.0010686  0.00238026   0.0166551
    0.112596  -0.00308124      1.37373     0.999859 -0.000951893   0.00196939    0.0166465
    0.138864  -0.00210368       1.3792     0.999859 -0.000734203   0.00165382    0.0166881
 -0.0403303 -0.00661456     1.31526    0.999847 -0.00112177  0.00479036   0.0168008
  -0.013868 -0.00582917      1.3206     0.99985 -0.00120152  0.00437181   0.0167136
  0.0125508 -0.00499295     1.32592    0.999855 -0.00139289  0.00345522    0.016598
  0.0389032  -0.0041449     1.33129    0.999857 -0.00134207  0.00312843   0.0165788
  0.0653049 -0.00326065     1.33675    0.999858 -0.00123336  0.00276513   0.0165779
  0.0915441 -0.00235084      1.3422    0.999859 -0.00110398   0.0023079   0.0165756
    0.117839  -0.00141391      1.34764      0.99986 -0.000907138   0.00202914    0.0165789
     0.14412 -0.000457891      1.35312     0.999861  -0.00075765   0.00164618    0.0165786
 -0.0349188 -0.00497931     1.28929    0.999846 -0.00106207   0.0049383   0.0167911
-0.00846509 -0.00417621     1.29458    0.999851 -0.00124413  0.00421111   0.0166665
  0.0179193 -0.00334048     1.29993    0.999856 -0.00126968  0.00347637   0.0165822
  0.0442743 -0.00246615     1.30532    0.999858 -0.00130275  0.00301919    0.016529
  0.0706045 -0.00160212     1.31075    0.999859 -0.00115537  0.00264156   0.0165201
   0.0968415 -0.000681465       1.3162      0.99986  -0.00106176   0.00228661    0.0165129
    0.123099  0.000238192      1.32164     0.999862 -0.000995705   0.00189125    0.0164768
     0.14938   0.00118827       1.3271     0.999863 -0.000781627   0.00148814    0.0164855
 -0.0295356 -0.00334245     1.26336    0.999847 -0.00106619  0.00485469    0.016763
-0.00310243 -0.00254592     1.26863    0.999852 -0.00127244  0.00417967   0.0166151
  0.0232445 -0.00169299     1.27398    0.999856 -0.00127032  0.00363782   0.0165443
    0.049593 -0.000831757      1.27935     0.999859  -0.00130386   0.00308305    0.0164796
  0.0759253 4.84942e-05     1.28483    0.999861  -0.0011375  0.00255894   0.0164477
   0.102133 0.000935393     1.29024    0.999862  -0.0011962  0.00229192   0.0164142
     0.12837   0.00186757      1.29574     0.999863 -0.000822084   0.00166299    0.0164178
    0.154622   0.00283311       1.3012     0.999864 -0.000668299   0.00138769    0.0163918
 -0.0242187  -0.0017428      1.2375    0.999848 -0.00109246  0.00485665    0.016736
  0.00221718 -0.000919504      1.24275     0.999853  -0.00132634   0.00412142    0.0165707
   0.0285494 -8.28074e-05      1.24811     0.999857  -0.00119133   0.00356816    0.0164999
  0.0548648 0.000793604     1.25351     0.99986  -0.0012281  0.00287733   0.0164226
 0.0811896 0.00167233    1.25893   0.999862 -0.0010923  0.0025798  0.0163838
    0.10738  0.00255119     1.26437    0.999864 -0.00109129  0.00215852   0.0163304
    0.133614     0.003473       1.2698     0.999865 -0.000908773   0.00173346    0.0163093
    0.159859   0.00443453      1.27529     0.999867 -0.000724986   0.00133524    0.0162524
  0.0074962 0.000687015     1.21691    0.999855 -0.00128848   0.0040379   0.0165084
 0.0338466 0.00150688    1.22228   0.999858 -0.0012509 0.00362007  0.0164315
  0.0601221  0.00238812     1.22769    0.999861 -0.00110284  0.00302743   0.0163777
   0.0864102   0.00325243      1.23312     0.999863 -0.000959682   0.00245986    0.0163192
    0.112603   0.00414605      1.23854     0.999865 -0.000968928    0.0019802    0.0162594
    0.138815    0.0050504      1.24398     0.999867 -0.000889521   0.00171884    0.0161962
 -0.0288632  -0.0497876     1.39717     0.99985 -0.00129719  0.00416084   0.0167587
-0.00229438  -0.0489657     1.40248    0.999852 -0.00160126  0.00366042   0.0167146
  0.0241364  -0.0480892     1.40791    0.999853 -0.00136023  0.00324864    0.016763
  0.0506104  -0.0472054      1.4134    0.999855 -0.00116683  0.00271153   0.0167927
  0.0769997  -0.0462606     1.41887    0.999856 -0.00111979  0.00234482   0.0167792
   0.103376  -0.0452798     1.42437    0.999856 -0.00077813  0.00190361   0.0168277
-0.0497717 -0.0488178     1.3656   0.999851  -0.001444 0.00423914   0.016687
 -0.0233097   -0.048059     1.37101     0.99985 -0.00127922   0.0042271   0.0167668
 0.00313042  -0.0472447     1.37635    0.999852 -0.00139091  0.00362655   0.0167313
  0.0295863  -0.0463855     1.38175    0.999854 -0.00135173  0.00329873   0.0167171
  0.0560241  -0.0454845     1.38726    0.999856 -0.00108942  0.00264844   0.0167433
  0.0823846  -0.0445687     1.39271    0.999857 -0.00103048  0.00213402   0.0167297
    0.108705   -0.0436033      1.39823     0.999857 -0.000641498   0.00184096    0.0167732
   0.135034  -0.0426093     1.40358    0.999857 -0.00115209  0.00185509    0.016761
-0.0443154 -0.0471367    1.33952    0.99985 -0.0013845 0.00428166  0.0167043
 -0.0178592  -0.0463651     1.34489     0.99985 -0.00138484  0.00427807   0.0167236
 0.00862457   -0.045537     1.35024    0.999853 -0.00140412  0.00358757   0.0166829
  0.0349725  -0.0446759     1.35567    0.999856 -0.00130698  0.00299554    0.016676
  0.0614013  -0.0438034     1.36113    0.999857 -0.00117086  0.00252158    0.016673
   0.0877288   -0.0428908       1.3666     0.999858 -0.000997786   0.00221304    0.0166754
    0.114036   -0.0419427      1.37212     0.999859 -0.000617153     0.001607    0.0166859
   0.14029 -0.0409513    1.37743   0.999858 -0.0011535 0.00180817  0.0166853
 -0.0388944  -0.0454609     1.31349     0.99985 -0.00129502  0.00431745   0.0167175
 -0.0124291  -0.0446814     1.31887    0.999851 -0.00130847  0.00418646    0.016709
   0.013993  -0.0438508     1.32422    0.999855 -0.00139611    0.003466   0.0166341
  0.0403526  -0.0429875     1.32963    0.999856 -0.00115642  0.00295564   0.0166646
  0.0667381  -0.0421216     1.33507    0.999858 -0.00114568  0.00245106   0.0166122
    0.092989   -0.0412041      1.34053     0.999859 -0.000973067   0.00209704    0.0166078
    0.119305   -0.0402666      1.34602     0.999861 -0.000636557   0.00149659    0.0165985
    0.145584   -0.0393428      1.35144     0.999862 -0.000855169   0.00137262    0.0165386
  -0.033467  -0.0438093     1.28753     0.99985 -0.00125331  0.00437993   0.0166954
-0.00703703  -0.0430187      1.2929    0.999851 -0.00124081  0.00417938   0.0166979
  0.0193513  -0.0421906     1.29824    0.999855 -0.00131777  0.00350114   0.0166071
 0.0456873 -0.0412996    1.30364   0.999858 -0.0011377 0.00287715   0.016593
  0.0720483  -0.0404442     1.30906     0.99986 -0.00115677  0.00256708    0.016522
 0.0982925 -0.0395409    1.31453   0.999861 -0.0010027 0.00195932   0.016521
    0.124558   -0.0386101      1.32002     0.999862 -0.000670831   0.00153304    0.0165145
   0.150811   -0.037662      1.3254    0.999863 -0.00092071  0.00156406   0.0164638
 -0.0280736  -0.0421822     1.26161     0.99985 -0.00121195  0.00444128   0.0166906
-0.00167421  -0.0413874     1.26691    0.999852 -0.00133081  0.00420293   0.0166471
  0.0246799  -0.0405482      1.2723    0.999856 -0.00127851  0.00353416   0.0165688
  0.0510178  -0.0396718     1.27771    0.999859 -0.00117589  0.00262453   0.0165227
 0.0773705 -0.0387818    1.28314   0.999861 -0.0010522 0.00247962  0.0164649
    0.103573   -0.0379164      1.28861     0.999863 -0.000919977   0.00197981    0.0164364
    0.129845   -0.0369765      1.29408     0.999864 -0.000619559   0.00166114    0.0164092
    0.156075   -0.0360233      1.29946     0.999865 -0.000867712   0.00152635    0.0163535
 -0.0227502  -0.0405716     1.23573     0.99985 -0.00108023  0.00446233   0.0166967
 0.00364236  -0.0397518     1.24103    0.999854 -0.00134245  0.00391181   0.0165984
  0.0299812  -0.0389188     1.24641    0.999856 -0.00131818    0.003622   0.0165153
  0.0563118  -0.0380536     1.25182     0.99986 -0.00122822  0.00278195   0.0164565
  0.0826124  -0.0371802     1.25724    0.999862 -0.00102067  0.00239221   0.0164075
    0.108826   -0.0362868      1.26272     0.999864 -0.000802556   0.00185467    0.0163675
    0.135041   -0.0353841      1.26818     0.999865 -0.000554454   0.00147502    0.0163279
    0.161291    -0.034435      1.27359     0.999867 -0.000729258   0.00133049    0.0162443
 0.00893509  -0.0381478     1.21521    0.999855 -0.00126765  0.00384076   0.0165358
  0.035255 -0.0373149    1.22059   0.999857 -0.0012039 0.00356699   0.016488
   0.061549  -0.0364512     1.22597    0.999861 -0.00123906  0.00285734   0.0163943
 0.0878514 -0.0355865     1.2314   0.999864 -0.0011121  0.0023716  0.0163062
    0.114051   -0.0347069      1.23689     0.999866 -0.000765907   0.00165779    0.0162644
    0.140261   -0.0338007      1.24234     0.999867 -0.000621413   0.00143799    0.0162065
 -0.0274357  -0.0886281     1.39539    0.999851 -0.00154775  0.00399093   0.0167358
-0.000891478   -0.0878045      1.40081     0.999852  -0.00149098   0.00360671    0.0167647
  0.0255922  -0.0869648     1.40621    0.999854 -0.00140094  0.00313908   0.0167584
  0.0520369   -0.086078      1.4117    0.999855 -0.00106146  0.00261719   0.0167972
  0.0784348  -0.0851261     1.41708    0.999856 -0.00157579  0.00243334   0.0167468
   0.104771  -0.0841377     1.42375    0.999836  0.00453717 -0.00137308   0.0172563
 -0.0483377  -0.0876747     1.36389     0.99985 -0.00139163  0.00419339   0.0167361
 -0.0218772  -0.0869099     1.36927    0.999851 -0.00145395  0.00388958   0.0167404
 0.00456237  -0.0861025     1.37464    0.999853 -0.00140184  0.00351866   0.0167478
  0.0310098  -0.0852365     1.38003    0.999855 -0.00145191  0.00295826   0.0167104
  0.0574436  -0.0843421     1.38556    0.999856 -0.00101586  0.00245949   0.0167415
  0.0838109  -0.0834317     1.39091    0.999856 -0.00140321   0.0023902   0.0167203
   0.110092   -0.082446     1.39805    0.999818  0.00691642 -0.00285503   0.0173223
    0.13647  -0.0814837     1.40187    0.999858 -0.00121482  0.00148796   0.0167376
 -0.0428979  -0.0859911     1.33781     0.99985 -0.00139633   0.0041962   0.0167314
 -0.0164335  -0.0852083     1.34314    0.999852 -0.00138293  0.00382181    0.016733
  0.0100336   -0.084369     1.34854    0.999854 -0.00135555  0.00321095   0.0167002
  0.0363799   -0.083528     1.35392    0.999855 -0.00144211  0.00312414   0.0166683
   0.0628098   -0.0826613      1.35946     0.999858 -0.000897571   0.00218321    0.0166864
  0.0891442  -0.0817535      1.3648    0.999858 -0.00139862  0.00219754   0.0166483
   0.115397  -0.0807666     1.37236      0.9998  0.00891289 -0.00441269   0.0173218
   0.141756  -0.0798195     1.37571    0.999859 -0.00128463  0.00173283   0.0166313
 -0.0374491  -0.0843011     1.31178    0.999851 -0.00127947  0.00405861   0.0167374
  -0.010977  -0.0835117     1.31716    0.999853 -0.00133827  0.00368593    0.016704
 0.0154291 -0.0826997     1.3225   0.999855 -0.0013848 0.00334525  0.0166532
  0.0417901  -0.0818331     1.32788    0.999856 -0.00139277  0.00301263   0.0166221
  0.0681482    -0.08098     1.33341    0.999859 -0.00088527  0.00220309   0.0166181
   0.094435  -0.0800603     1.33874    0.999859 -0.00132778  0.00236264   0.0165901
   0.120658  -0.0790873      1.3465    0.999789   0.0098627 -0.00510362   0.0172548
   0.146959  -0.0781586     1.34961    0.999861 -0.00122752  0.00168562   0.0165476
 -0.0320073  -0.0826684     1.28583    0.999851 -0.00115554   0.0039927    0.016734
-0.00558064  -0.0818639     1.29116    0.999853 -0.00124176  0.00371282   0.0167065
  0.0207839  -0.0810333     1.29652    0.999856 -0.00125266  0.00322849   0.0166383
  0.0471332  -0.0801687      1.3019    0.999858 -0.00129057  0.00285354   0.0165635
  0.0734721  -0.0793083     1.30739    0.999861 -0.00095451  0.00218009    0.016527
 0.0997242 -0.0783933    1.31273    0.99986 -0.0013918 0.00231768  0.0165219
   0.125931  -0.0774262     1.32044    0.999792  0.00962525 -0.00504188   0.0171288
    0.152224   -0.0763153      1.32382      0.99986 -0.000346877   0.00118413    0.0167045
 -0.0266322   -0.081015      1.2599    0.999852 -0.00115078  0.00399935   0.0167146
-0.00023114  -0.0802289     1.26522    0.999853 -0.00125356  0.00379558     0.01668
  0.0261417  -0.0793938     1.27057    0.999856 -0.00138126  0.00336708   0.0165784
  0.0524516  -0.0785332     1.27597    0.999859 -0.00130472  0.00281047   0.0165054
   0.0787686   -0.0776319       1.2815     0.999861 -0.000828149   0.00215511     0.016499
  0.105037 -0.0767421    1.28678   0.999862 -0.0014212 0.00227291  0.0164119
   0.131219  -0.0757831     1.29447    0.999794  0.00953505 -0.00488615   0.0169919
    0.157491   -0.0746908      1.29788     0.999862 -0.000209071   0.00108739     0.016598
-0.0213009  -0.079413    1.23401   0.999852 -0.0011645 0.00407759  0.0166981
 0.00511395  -0.0786084     1.23933    0.999853 -0.00123428  0.00381624   0.0166475
 0.0314342 -0.0777675     1.2447   0.999857 -0.0012751  0.0033559  0.0165368
  0.0577449  -0.0769079      1.2501     0.99986 -0.00129258  0.00277261   0.0164562
   0.0840556   -0.0760315      1.25561     0.999863 -0.000785777   0.00199875     0.016421
   0.110271  -0.0751306     1.26094    0.999864 -0.00133337  0.00181915   0.0163065
   0.136465  -0.0741782     1.26876    0.999787   0.0103661 -0.00529624   0.0168916
    0.162726   -0.0732604      1.27183     0.999866 -0.000992743   0.00158371    0.0162593
  0.0103888  -0.0769944     1.21353    0.999855 -0.00119296  0.00362831   0.0165885
  0.0367114  -0.0761525     1.21888    0.999858 -0.00127787  0.00329928   0.0164874
  0.0630166  -0.0752956     1.22426    0.999861 -0.00123196  0.00274666   0.0163958
   0.0893047   -0.0744298      1.22975     0.999863 -0.000833743   0.00222795    0.0163632
   0.115494  -0.0735405     1.23512    0.999866 -0.00120946   0.0017363   0.0162177
    0.14168  -0.0725842     1.24303    0.999782   0.0109852 -0.00551789   0.0167883
 -0.0260118    -0.12751     1.39365    0.999851 -0.00160725  0.00395049   0.0167108
0.000547011   -0.126687     1.39908    0.999852 -0.00140127  0.00344482   0.0167724
  0.0270216   -0.125829     1.40453    0.999854 -0.00124823  0.00301546   0.0167876
  0.0534889   -0.124929     1.40995    0.999855 -0.00124279  0.00259639   0.0167796
  0.0799006   -0.124001     1.41536    0.999856 -0.00149514  0.00243015   0.0167482
    0.106298    -0.123068      1.42093     0.999857 -0.000986103   0.00169092    0.0167774
-0.0469348  -0.126535    1.36218   0.999851 -0.0013474 0.00385029  0.0167486
-0.0204408  -0.125759    1.36754   0.999852 -0.0014646 0.00375779  0.0167291
 0.00600573   -0.124957     1.37291    0.999853 -0.00146874  0.00343458   0.0167322
  0.0324432   -0.124095     1.37834    0.999855 -0.00130724  0.00292594   0.0167306
  0.0589143   -0.123211     1.38379    0.999856 -0.00124496  0.00254368   0.0167139
  0.0852629   -0.122287      1.3892    0.999857 -0.00146344  0.00244548   0.0166958
    0.111651    -0.121346      1.39476     0.999858 -0.000942379   0.00182249    0.0167115
    0.137932    -0.120365       1.4002     0.999858 -0.000906197    0.0016811    0.0167384
-0.0414509  -0.124831    1.33606   0.999852 -0.0012383 0.00373815  0.0167627
 -0.0150147   -0.124049     1.34146    0.999852 -0.00126917  0.00354902   0.0167635
  0.0114668   -0.123208     1.34685    0.999854 -0.00138943  0.00317518   0.0167038
  0.0378381   -0.122389     1.35225    0.999855 -0.00122346   0.0028628   0.0167126
  0.0642553   -0.121513     1.35772    0.999857 -0.00105696  0.00234477   0.0166883
  0.0905812   -0.120611     1.36308    0.999858 -0.00148496  0.00220415     0.01662
    0.116919    -0.119675      1.36865      0.99986 -0.000904843   0.00156448    0.0166379
    0.143228    -0.118686      1.37411      0.99986 -0.000818486   0.00157024    0.0166657
 -0.0360092   -0.123172     1.31009    0.999851 -0.00120909  0.00382251   0.0167667
-0.00954557   -0.122354     1.31546    0.999853 -0.00107596  0.00350325   0.0167633
  0.0168782   -0.121546     1.32081    0.999855 -0.00125144  0.00323155   0.0166869
  0.0432372   -0.120675     1.32622    0.999856 -0.00119409  0.00281104   0.0166635
  0.0696127   -0.119823     1.33167    0.999859 -0.00110956  0.00232034   0.0165987
   0.095899   -0.118919     1.33703     0.99986 -0.00136519  0.00197778   0.0165623
    0.122186    -0.117988      1.34256     0.999861 -0.000916269   0.00165123    0.0165629
    0.148468    -0.117024      1.34802     0.999862 -0.000869636   0.00148476    0.0165412
 -0.0305799   -0.121507      1.2841    0.999852 -0.00121054  0.00387371   0.0167388
-0.00414741   -0.120702     1.28945    0.999854 -0.00126631  0.00347964   0.0166993
  0.0222376   -0.119862      1.2948    0.999855 -0.00127514  0.00332905   0.0166473
   0.048594   -0.119007      1.3002    0.999858 -0.00126567  0.00270946   0.0165705
  0.0749469   -0.118156     1.30568     0.99986 -0.00102899  0.00217421   0.0165513
  0.101191  -0.117254    1.31105   0.999861 -0.0013549 0.00199025  0.0165003
     0.12745    -0.116336      1.31657     0.999862 -0.000846559   0.00172948    0.0164849
     0.15372    -0.115368      1.32204     0.999863 -0.000682487   0.00152923    0.0164717
 -0.0252033   -0.119839     1.25817    0.999852 -0.00106323  0.00383722   0.0167643
 0.00120759   -0.119072     1.26353    0.999854 -0.00120965  0.00344128   0.0166768
  0.0275711   -0.118238     1.26888    0.999856 -0.00125126  0.00322225   0.0166121
  0.0539219   -0.117378     1.27429    0.999859 -0.00130639  0.00274409   0.0165074
   0.0802374    -0.116482      1.27976     0.999861 -0.000997857   0.00217469    0.0164904
  0.106477  -0.115599    1.28512   0.999862 -0.0013312 0.00204011  0.0164213
    0.132711    -0.114685      1.29066     0.999864 -0.000762965   0.00169504    0.0164133
    0.158994    -0.113745      1.29611     0.999865 -0.000628333    0.0014176    0.0163627
  -0.0198641    -0.118257      1.23232     0.999852 -0.000997542   0.00372954    0.0167597
 0.00655692   -0.117456     1.23766    0.999854 -0.00108429  0.00345585   0.0166719
  0.0328831   -0.116601       1.243    0.999857 -0.00116067  0.00321976    0.016578
  0.0591841   -0.115745      1.2484     0.99986 -0.00121077  0.00268187   0.0164728
  0.0855141   -0.114859     1.25387    0.999863 -0.00102522  0.00205297    0.016396
   0.111736   -0.113977     1.25923    0.999864 -0.00131366  0.00208707   0.0163315
    0.137972    -0.113074      1.26476     0.999866 -0.000767664    0.0015837    0.0162959
    0.164207    -0.112134       1.2702     0.999867 -0.000641013   0.00141429    0.0162509
  0.0118234   -0.115836     1.21183    0.999855 -0.00106981  0.00345743   0.0166291
 0.0381637  -0.114995    1.21722   0.999858 -0.0011258 0.00303311   0.016539
  0.0644827   -0.114137     1.22258    0.999861 -0.00111621  0.00263948   0.0164321
   0.0907745     -0.11326      1.22803     0.999864 -0.000954777   0.00207269    0.0163425
   0.116957   -0.112387     1.23339    0.999865 -0.00123415  0.00206887   0.0162498
    0.143192    -0.111482      1.23892     0.999868 -0.000679716   0.00152913    0.0161919
  0.0525403   0.0555946     1.32382    0.999859 -0.00119535  0.00287944    0.016516
