     639.732   -0.0151835      489.793      1      1.19842e-05      -0.000162664      -1.9494e-09
     546.609     -66.6624      314.995      1      1.19842e-05      -0.000156414      -1.87451e-09
     546.703     -39.9921      314.995      1      1.19842e-05      0.000118585      1.42115e-09
     546.673     -13.3157      315.006      1      1.19842e-05      -0.000106416      -1.27531e-09
     546.665      13.3895      315.008      1      1.19842e-05      -0.000156414      -1.87451e-09
     546.651      40.0231      314.987      1      1.19842e-05      0.000187337      2.24508e-09
     546.653      66.6907      314.979      1      1.19842e-05      0.000243589      2.91922e-09
     573.370     -93.3559      314.973      1      1.19842e-05      0.000287341      3.44356e-09
     573.352     -66.6548      314.992      1      1.19842e-05      6.23338e-05      7.47022e-10
     573.360     -39.9702      315.009      1      1.19842e-05      -0.000106416      -1.27531e-09
     573.379     -13.3178      314.988      1      1.19842e-05      0.000218588      2.6196e-09
     573.333      13.3802      315.022      1      1.19842e-05      -0.00026891      -3.22268e-09
     573.316      40.0229      314.991      1      1.19842e-05      0.000143585      1.72076e-09
     573.324      66.6828      314.984      1      1.19842e-05      0.000249839      2.99413e-09
     573.316      93.3438      314.993      1      1.19842e-05      9.98343e-05      1.19644e-09
     600.030     -93.3437      314.971      1      1.19842e-05      0.000299841      3.59337e-09
     600.018     -66.6629      315.006      1      1.19842e-05      -0.000131415      -1.57491e-09
     600.015     -39.9870      315.017      1      1.19842e-05      -0.000243911      -2.92309e-09
     600.027     -13.2960      315.006      1      1.19842e-05      -8.76659e-05      -1.05061e-09
     600.023      13.3912      314.993      1      1.19842e-05      0.000137335      1.64585e-09
     599.959      40.0107      315.015      1      1.19842e-05      -0.000225162      -2.69839e-09
     599.966      66.6815      315.008      1      1.19842e-05      -0.000112665      -1.35021e-09
     599.965      93.3541      314.997      1      1.19842e-05      -1.26665e-05      -1.51798e-10
     626.667     -93.3462      314.989      1      1.19842e-05      -1.66529e-07      -1.99572e-12
     626.680     -66.6459      314.997      1      1.19842e-05      -1.66529e-07      -1.99572e-12
     626.686     -39.9867      315.000      1      1.19842e-05      -1.66529e-07      -1.99572e-12
     626.694     -13.3184      314.997      1      1.19842e-05      -1.66529e-07      -1.99572e-12
     626.686      13.3873      314.998      1      1.19842e-05      -1.66529e-07      -1.99572e-12
     626.631      40.0219      315.001      1      1.19842e-05      -1.66529e-07      -1.99572e-12
     626.661      66.6839      315.004      1      1.19842e-05      -1.66529e-07      -1.99572e-12
     626.647      93.3433      315.004      1      1.19842e-05      -1.66529e-07      -1.99572e-12
     653.351     -93.3608      314.986      1      1.19842e-05      -1.66529e-07      -1.99572e-12
     653.371     -66.6500      314.993      1      1.19842e-05      -1.66529e-07      -1.99572e-12
     653.373     -39.9712      314.990      1      1.19842e-05      -1.66529e-07      -1.99572e-12
     653.373     -13.3162      314.991      1      1.19842e-05      -1.66529e-07      -1.99572e-12
     653.345      13.4145      315.000      1      1.19842e-05      -1.66529e-07      -1.99572e-12
     653.305      40.0177      315.006      1      1.19842e-05      -1.66529e-07      -1.99572e-12
     653.307      66.6739      315.005      1      1.19842e-05      -1.66529e-07      -1.99572e-12
     653.314      93.3608      315.000      1      1.19842e-05      -1.66529e-07      -1.99572e-12
     680.017     -93.3596      314.979      1      1.19842e-05      -1.66529e-07      -1.99572e-12
     680.024     -66.6430      314.996      1      1.19842e-05      -1.66529e-07      -1.99572e-12
     680.032     -39.9828      314.993      1      1.19842e-05      -1.66529e-07      -1.99572e-12
     680.020     -13.3134      314.991      1      1.19842e-05      -1.66529e-07      -1.99572e-12
     680.004      13.3910      314.999      1      1.19842e-05      -1.66529e-07      -1.99572e-12
     679.969      40.0231      315.005      1      1.19842e-05      -1.66529e-07      -1.99572e-12
     679.971      66.6784      315.005      1      1.19842e-05      -1.66529e-07      -1.99572e-12
     679.961      93.3531      315.008      1      1.19842e-05      -1.66529e-07      -1.99572e-12
     706.661     -93.3879      314.986      1      1.19842e-05      -1.66529e-07      -1.99572e-12
     706.686     -66.6435      314.994      1      1.19842e-05      -1.66529e-07      -1.99572e-12
     706.695     -39.9904      314.990      1      1.19842e-05      -1.66529e-07      -1.99572e-12
     706.692     -13.3150      314.989      1      1.19842e-05      -1.66529e-07      -1.99572e-12
     706.681      13.4076      314.991      1      1.19842e-05      -1.66529e-07      -1.99572e-12
     706.634      40.0170      315.010      1      1.19842e-05      -1.66529e-07      -1.99572e-12
     706.647      66.6867      315.008      1      1.19842e-05      -1.66529e-07      -1.99572e-12
     706.637      93.3426      315.008      1      1.19842e-05      -1.66529e-07      -1.99572e-12
     733.335     -66.6944      314.985      1      1.19842e-05      -1.66529e-07      -1.99572e-12
     733.355     -39.9754      314.993      1      1.19842e-05      -1.66529e-07      -1.99572e-12
     733.332     -13.3087      314.994      1      1.19842e-05      -1.66529e-07      -1.99572e-12
     733.314      13.3941      315.002      1      1.19842e-05      -1.66529e-07      -1.99572e-12
     733.308      40.0167      315.009      1      1.19842e-05      -1.66529e-07      -1.99572e-12
     733.302      66.6823      315.012      1      1.19842e-05      -1.66529e-07      -1.99572e-12
     546.672     -66.6951      353.893      1      1.19842e-05      -1.66529e-07      -1.99572e-12
     546.681     -39.9848      353.886      1      1.19842e-05      -1.66529e-07      -1.99572e-12
     546.690     -13.3225      353.887      1      1.19842e-05      -1.66529e-07      -1.99572e-12
     546.677      13.3896      353.890      1      1.19842e-05      -1.66529e-07      -1.99572e-12
     546.643      40.0200      353.888      1      1.19842e-05      -1.66529e-07      -1.99572e-12
     546.657      66.6827      353.895      1      1.19842e-05      -1.66529e-07      -1.99572e-12
     573.356     -93.3468      353.878      1      1.19842e-05      -1.66529e-07      -1.99572e-12
     573.370     -66.6336      353.892      1      1.19842e-05      -1.66529e-07      -1.99572e-12
     573.366     -39.9836      353.891      1      1.19842e-05      -1.66529e-07      -1.99572e-12
     573.362     -13.3143      353.888      1      1.19842e-05      -1.66529e-07      -1.99572e-12
     573.344      13.3903      353.890      1      1.19842e-05      -1.66529e-07      -1.99572e-12
     573.311      40.0196      353.890      1      1.19842e-05      -1.66529e-07      -1.99572e-12
     573.303      66.6823      353.890      1      1.19842e-05      -1.66529e-07      -1.99572e-12
     573.310      93.3682      353.879      1      1.19842e-05      -1.66529e-07      -1.99572e-12
     600.013     -93.3531      353.875      1      1.19842e-05      -1.66529e-07      -1.99572e-12
     600.034     -66.6468      353.886      1      1.19842e-05      -1.66529e-07      -1.99572e-12
     600.039     -39.9737      353.889      1      1.19842e-05      -1.66529e-07      -1.99572e-12
     600.042     -13.3134      353.887      1      1.19842e-05      -1.66529e-07      -1.99572e-12
     600.012      13.3912      353.893      1      1.19842e-05      -1.66529e-07      -1.99572e-12
     599.953      40.0341      353.892      1      1.19842e-05      -1.66529e-07      -1.99572e-12
     599.986      66.6988      353.886      1      1.19842e-05      -1.66529e-07      -1.99572e-12
     599.981      93.3710      353.881      1      1.19842e-05      -1.66529e-07      -1.99572e-12
     626.675     -93.3531      353.876      1      1.19842e-05      -1.66529e-07      -1.99572e-12
     626.686     -66.6563      353.882      1      1.19842e-05      -1.66529e-07      -1.99572e-12
     626.679     -39.9622      353.887      1      1.19842e-05      -1.66529e-07      -1.99572e-12
     626.696     -13.3078      353.887      1      1.19842e-05      -1.66529e-07      -1.99572e-12
     626.672      13.3907      353.893      1      1.19842e-05      -1.66529e-07      -1.99572e-12
     626.645      40.0188      353.894      1      1.19842e-05      -1.66529e-07      -1.99572e-12
     626.633      66.6896      353.889      1      1.19842e-05      -1.66529e-07      -1.99572e-12
     626.633      93.3522      353.892      1      1.19842e-05      -1.66529e-07      -1.99572e-12
     653.343     -93.3540      353.874      1      1.19842e-05      -1.66529e-07      -1.99572e-12
     653.352     -66.6392      353.888      1      1.19842e-05      -1.66529e-07      -1.99572e-12
     653.343     -39.9813      353.885      1      1.19842e-05      -1.66529e-07      -1.99572e-12
     653.361     -13.3089      353.884      1      1.19842e-05      -1.66529e-07      -1.99572e-12
     653.341      13.3787      353.891      1      1.19842e-05      -1.66529e-07      -1.99572e-12
     653.307      40.0142      353.893      1      1.19842e-05      -1.66529e-07      -1.99572e-12
     653.296      66.6941      353.892      1      1.19842e-05      -1.66529e-07      -1.99572e-12
     653.299      93.3505      353.894      1      1.19842e-05      -1.66529e-07      -1.99572e-12
     680.011     -93.3495      353.875      1      1.19842e-05      -1.66529e-07      -1.99572e-12
     680.020     -66.6430      353.888      1      1.19842e-05      -1.66529e-07      -1.99572e-12
     680.024     -39.9899      353.879      1      1.19842e-05      -1.66529e-07      -1.99572e-12
     680.022     -13.3170      353.882      1      1.19842e-05      -1.66529e-07      -1.99572e-12
     680.010      13.3874      353.886      1      1.19842e-05      -1.66529e-07      -1.99572e-12
     679.969      40.0231      353.895      1      1.19842e-05      -1.66529e-07      -1.99572e-12
     679.977      66.6820      353.896      1      1.19842e-05      -1.66529e-07      -1.99572e-12
     679.979      93.3436      353.896      1      1.19842e-05      -1.66529e-07      -1.99572e-12
     706.661     -93.3746      353.880      1      1.19842e-05      -1.66529e-07      -1.99572e-12
     706.678     -66.6504      353.877      1      1.19842e-05      -1.66529e-07      -1.99572e-12
     706.695     -39.9760      353.879      1      1.19842e-05      -1.66529e-07      -1.99572e-12
     706.702     -13.3041      353.876      1      1.19842e-05      -1.66529e-07      -1.99572e-12
     706.673      13.3931      353.891      1      1.19842e-05      -1.66529e-07      -1.99572e-12
     706.646      40.0242      353.895      1      1.19842e-05      -1.66529e-07      -1.99572e-12
     706.634      66.6831      353.899      1      1.19842e-05      -1.66529e-07      -1.99572e-12
     706.646      93.3527      353.894      1      1.19842e-05      -1.66529e-07      -1.99572e-12
     733.344     -66.6839      353.876      1      1.19842e-05      -1.66529e-07      -1.99572e-12
     733.362     -39.9754      353.878      1      1.19842e-05      -1.66529e-07      -1.99572e-12
     733.347     -13.3232      353.876      1      1.19842e-05      -1.66529e-07      -1.99572e-12
     733.336      13.4013      353.881      1      1.19842e-05      -1.66529e-07      -1.99572e-12
     733.312      40.0239      353.901      1      1.19842e-05      -1.66529e-07      -1.99572e-12
     733.302      66.6892      353.898      1      1.19842e-05      -1.66529e-07      -1.99572e-12
     546.659     -66.6816      392.783      1      1.19842e-05      -1.66529e-07      -1.99572e-12
     546.701     -39.9858      392.782      1      1.19842e-05      -1.66529e-07      -1.99572e-12
     546.707     -13.2997      392.778      1      1.19842e-05      -1.66529e-07      -1.99572e-12
     546.675      13.3863      392.783      1      1.19842e-05      -1.66529e-07      -1.99572e-12
     546.630      40.0225      392.773      1      1.19842e-05      -1.66529e-07      -1.99572e-12
     546.646      66.6818      392.774      1      1.19842e-05      -1.66529e-07      -1.99572e-12
     573.335     -93.3479      392.765      1      1.19842e-05      -1.66529e-07      -1.99572e-12
     573.349     -66.6484      392.782      1      1.19842e-05      -1.66529e-07      -1.99572e-12
     573.358     -39.9899      392.777      1      1.19842e-05      -1.66529e-07      -1.99572e-12
     573.358     -13.3279      392.776      1      1.19842e-05      -1.66529e-07      -1.99572e-12
     573.349      13.3904      392.779      1      1.19842e-05      -1.66529e-07      -1.99572e-12
     573.314      40.0131      392.780      1      1.19842e-05      -1.66529e-07      -1.99572e-12
     573.311      66.6828      392.778      1      1.19842e-05      -1.66529e-07      -1.99572e-12
     573.308      93.3559      392.769      1      1.19842e-05      -1.66529e-07      -1.99572e-12
     600.021     -93.3473      392.767      1      1.19842e-05      -1.66529e-07      -1.99572e-12
     600.018     -66.6459      392.781      1      1.19842e-05      -1.66529e-07      -1.99572e-12
     600.035     -39.9872      392.777      1      1.19842e-05      -1.66529e-07      -1.99572e-12
     600.036     -13.3168      392.776      1      1.19842e-05      -1.66529e-07      -1.99572e-12
     600.018      13.3947      392.779      1      1.19842e-05      -1.66529e-07      -1.99572e-12
     599.963      40.0242      392.780      1      1.19842e-05      -1.66529e-07      -1.99572e-12
     599.969      66.6847      392.776      1      1.19842e-05      -1.66529e-07      -1.99572e-12
     599.975      93.3453      392.778      1      1.19842e-05      -1.66529e-07      -1.99572e-12
     626.681     -93.3502      392.765      1      1.19842e-05      -1.66529e-07      -1.99572e-12
     626.688     -66.6462      392.781      1      1.19842e-05      -1.66529e-07      -1.99572e-12
     626.698     -39.9800      392.771      1      1.19842e-05      -1.66529e-07      -1.99572e-12
     626.692     -13.3149      392.776      1      1.19842e-05      -1.66529e-07      -1.99572e-12
     626.678      13.3802      392.779      1      1.19842e-05      -1.66529e-07      -1.99572e-12
     626.631      40.0289      392.781      1      1.19842e-05      -1.66529e-07      -1.99572e-12
     626.659      66.6940      392.783      1      1.19842e-05      -1.66529e-07      -1.99572e-12
     626.645      93.3464      392.779      1      1.19842e-05      -1.66529e-07      -1.99572e-12
     653.345     -93.3508      392.764      1      1.19842e-05      -1.66529e-07      -1.99572e-12
     653.355     -66.6427      392.777      1      1.19842e-05      -1.66529e-07      -1.99572e-12
     653.365     -39.9922      392.771      1      1.19842e-05      -1.66529e-07      -1.99572e-12
     653.359     -13.3197      392.770      1      1.19842e-05      -1.66529e-07      -1.99572e-12
     653.335      13.3894      392.778      1      1.19842e-05      -1.66529e-07      -1.99572e-12
     653.299      40.0211      392.783      1      1.19842e-05      -1.66529e-07      -1.99572e-12
     653.300      66.6942      392.780      1      1.19842e-05      -1.66529e-07      -1.99572e-12
     653.327      93.3450      392.785      1      1.19842e-05      -1.66529e-07      -1.99572e-12
     680.010     -93.3527      392.763      1      1.19842e-05      -1.66529e-07      -1.99572e-12
     680.016     -66.6567      392.768      1      1.19842e-05      -1.66529e-07      -1.99572e-12
     680.036     -39.9615      392.771      1      1.19842e-05      -1.66529e-07      -1.99572e-12
     680.018     -13.3170      392.769      1      1.19842e-05      -1.66529e-07      -1.99572e-12
     680.002      13.3802      392.776      1      1.19842e-05      -1.66529e-07      -1.99572e-12
     679.983      40.0268      392.789      1      1.19842e-05      -1.66529e-07      -1.99572e-12
     679.970      66.6957      392.783      1      1.19842e-05      -1.66529e-07      -1.99572e-12
     679.984      93.3470      392.780      1      1.19842e-05      -1.66529e-07      -1.99572e-12
     706.667     -93.3780      392.758      1      1.19842e-05      -1.66529e-07      -1.99572e-12
     706.699     -66.6470      392.770      1      1.19842e-05      -1.66529e-07      -1.99572e-12
     706.695     -39.9760      392.772      1      1.19842e-05      -1.66529e-07      -1.99572e-12
     706.690     -13.3114      392.768      1      1.19842e-05      -1.66529e-07      -1.99572e-12
     706.673      13.3931      392.776      1      1.19842e-05      -1.66529e-07      -1.99572e-12
     706.640      40.0277      392.788      1      1.19842e-05      -1.66529e-07      -1.99572e-12
     706.639      66.7006      392.785      1      1.19842e-05      -1.66529e-07      -1.99572e-12
     706.661      93.3528      392.787      1      1.19842e-05      -1.66529e-07      -1.99572e-12
     733.337     -66.6909      392.762      1      1.19842e-05      -1.66529e-07      -1.99572e-12
     733.360     -39.9790      392.766      1      1.19842e-05      -1.66529e-07      -1.99572e-12
     733.373     -13.2978      392.760      1      1.19842e-05      -1.66529e-07      -1.99572e-12
     733.348      13.3831      392.775      1      1.19842e-05      -1.66529e-07      -1.99572e-12
     733.301      40.0096      392.790      1      1.19842e-05      -1.66529e-07      -1.99572e-12
     733.302      66.6823      392.789      1      1.19842e-05      -1.66529e-07      -1.99572e-12
     546.647     -66.6806      431.670      1      1.19842e-05      -1.66529e-07      -1.99572e-12
     546.701     -39.9858      431.670      1      1.19842e-05      -1.66529e-07      -1.99572e-12
     546.684     -13.3191      431.666      1      1.19842e-05      -1.66529e-07      -1.99572e-12
     546.675      13.3928      431.668      1      1.19842e-05      -1.66529e-07      -1.99572e-12
     546.653      40.0172      431.665      1      1.19842e-05      -1.66529e-07      -1.99572e-12
     546.648      66.6913      431.660      1      1.19842e-05      -1.66529e-07      -1.99572e-12
     573.355     -93.3497      431.660      1      1.19842e-05      -1.66529e-07      -1.99572e-12
     573.348     -66.6580      431.661      1      1.19842e-05      -1.66529e-07      -1.99572e-12
     573.350     -39.9829      431.662      1      1.19842e-05      -1.66529e-07      -1.99572e-12
     573.372     -13.3111      431.666      1      1.19842e-05      -1.66529e-07      -1.99572e-12
     573.340      13.3903      431.671      1      1.19842e-05      -1.66529e-07      -1.99572e-12
     573.315      40.0198      431.669      1      1.19842e-05      -1.66529e-07      -1.99572e-12
     573.306      66.6856      431.666      1      1.19842e-05      -1.66529e-07      -1.99572e-12
     573.315      93.3442      431.668      1      1.19842e-05      -1.66529e-07      -1.99572e-12
     600.021     -93.3473      431.657      1      1.19842e-05      -1.66529e-07      -1.99572e-12
     600.019     -66.6592      431.663      1      1.19842e-05      -1.66529e-07      -1.99572e-12
     600.035     -39.9872      431.664      1      1.19842e-05      -1.66529e-07      -1.99572e-12
     600.007     -13.3165      431.662      1      1.19842e-05      -1.66529e-07      -1.99572e-12
     599.995      13.3771      431.664      1      1.19842e-05      -1.66529e-07      -1.99572e-12
     599.975      40.0314      431.665      1      1.19842e-05      -1.66529e-07      -1.99572e-12
     599.967      66.6879      431.666      1      1.19842e-05      -1.66529e-07      -1.99572e-12
     599.978      93.3613      431.666      1      1.19842e-05      -1.66529e-07      -1.99572e-12
     626.679     -93.3533      431.655      1      1.19842e-05      -1.66529e-07      -1.99572e-12
     626.687     -66.6395      431.667      1      1.19842e-05      -1.66529e-07      -1.99572e-12
     626.698     -39.9800      431.666      1      1.19842e-05      -1.66529e-07      -1.99572e-12
     626.692     -13.3078      431.661      1      1.19842e-05      -1.66529e-07      -1.99572e-12
     626.686      13.3944      431.663      1      1.19842e-05      -1.66529e-07      -1.99572e-12
     626.635      40.0220      431.670      1      1.19842e-05      -1.66529e-07      -1.99572e-12
     626.644      66.6833      431.668      1      1.19842e-05      -1.66529e-07      -1.99572e-12
     626.648      93.3562      431.668      1      1.19842e-05      -1.66529e-07      -1.99572e-12
     653.355     -93.3478      431.652      1      1.19842e-05      -1.66529e-07      -1.99572e-12
     653.361     -66.6531      431.659      1      1.19842e-05      -1.66529e-07      -1.99572e-12
     653.371     -39.9747      431.661      1      1.19842e-05      -1.66529e-07      -1.99572e-12
     653.365     -13.3089      431.657      1      1.19842e-05      -1.66529e-07      -1.99572e-12
     653.343      13.3966      431.667      1      1.19842e-05      -1.66529e-07      -1.99572e-12
     653.315      40.0143      431.677      1      1.19842e-05      -1.66529e-07      -1.99572e-12
     653.310      66.6842      431.675      1      1.19842e-05      -1.66529e-07      -1.99572e-12
     653.320      93.3578      431.668      1      1.19842e-05      -1.66529e-07      -1.99572e-12
     680.023     -93.3630      431.645      1      1.19842e-05      -1.66529e-07      -1.99572e-12
     680.022     -66.6464      431.659      1      1.19842e-05      -1.66529e-07      -1.99572e-12
     680.010     -39.9862      431.662      1      1.19842e-05      -1.66529e-07      -1.99572e-12
     680.028     -13.3134      431.662      1      1.19842e-05      -1.66529e-07      -1.99572e-12
     680.008      13.3983      431.669      1      1.19842e-05      -1.66529e-07      -1.99572e-12
     679.969      40.0374      431.671      1      1.19842e-05      -1.66529e-07      -1.99572e-12
     679.964      66.6922      431.672      1      1.19842e-05      -1.66529e-07      -1.99572e-12
     679.964      93.3631      431.672      1      1.19842e-05      -1.66529e-07      -1.99572e-12
     706.654     -93.3812      431.658      1      1.19842e-05      -1.66529e-07      -1.99572e-12
     706.693     -66.6366      431.663      1      1.19842e-05      -1.66529e-07      -1.99572e-12
     706.701     -39.9796      431.653      1      1.19842e-05      -1.66529e-07      -1.99572e-12
     706.700     -13.3150      431.655      1      1.19842e-05      -1.66529e-07      -1.99572e-12
     706.683      13.3967      431.662      1      1.19842e-05      -1.66529e-07      -1.99572e-12
     706.635      40.0313      431.676      1      1.19842e-05      -1.66529e-07      -1.99572e-12
     706.645      66.6832      431.674      1      1.19842e-05      -1.66529e-07      -1.99572e-12
     706.635      93.3526      431.674      1      1.19842e-05      -1.66529e-07      -1.99572e-12
     733.335     -66.6874      431.652      1      1.19842e-05      -1.66529e-07      -1.99572e-12
     733.362     -39.9826      431.657      1      1.19842e-05      -1.66529e-07      -1.99572e-12
     733.347     -13.3087      431.654      1      1.19842e-05      -1.66529e-07      -1.99572e-12
     733.321      13.3941      431.669      1      1.19842e-05      -1.66529e-07      -1.99572e-12
     733.317      40.0059      431.677      1      1.19842e-05      -1.66529e-07      -1.99572e-12
     733.300      66.6857      431.677      1      1.19842e-05      -1.66529e-07      -1.99572e-12
     546.669     -66.7074      470.554      1      1.19842e-05      -1.66529e-07      -1.99572e-12
     546.689     -39.9852      470.557      1      1.19842e-05      -1.66529e-07      -1.99572e-12
     546.692     -13.3258      470.555      1      1.19842e-05      -1.66529e-07      -1.99572e-12
     546.673      13.3895      470.556      1      1.19842e-05      -1.66529e-07      -1.99572e-12
     546.635      40.0196      470.555      1      1.19842e-05      -1.66529e-07      -1.99572e-12
     546.630      66.6805      470.550      1      1.19842e-05      -1.66529e-07      -1.99572e-12
     573.351     -93.3494      470.546      1      1.19842e-05      -1.66529e-07      -1.99572e-12
     573.356     -66.6359      470.562      1      1.19842e-05      -1.66529e-07      -1.99572e-12
     573.360     -39.9800      470.555      1      1.19842e-05      -1.66529e-07      -1.99572e-12
     573.366     -13.3076      470.555      1      1.19842e-05      -1.66529e-07      -1.99572e-12
     573.336      13.3902      470.559      1      1.19842e-05      -1.66529e-07      -1.99572e-12
     573.306      40.0128      470.557      1      1.19842e-05      -1.66529e-07      -1.99572e-12
     573.310      66.6924      470.556      1      1.19842e-05      -1.66529e-07      -1.99572e-12
     573.303      93.3431      470.556      1      1.19842e-05      -1.66529e-07      -1.99572e-12
     600.017     -93.3534      470.544      1      1.19842e-05      -1.66529e-07      -1.99572e-12
     600.032     -66.6367      470.555      1      1.19842e-05      -1.66529e-07      -1.99572e-12
     600.029     -39.9768      470.555      1      1.19842e-05      -1.66529e-07      -1.99572e-12
     600.025     -13.3133      470.554      1      1.19842e-05      -1.66529e-07      -1.99572e-12
     600.010      13.3877      470.556      1      1.19842e-05      -1.66529e-07      -1.99572e-12
     599.967      40.0312      470.555      1      1.19842e-05      -1.66529e-07      -1.99572e-12
     599.965      66.6845      470.557      1      1.19842e-05      -1.66529e-07      -1.99572e-12
     599.993      93.3498      470.554      1      1.19842e-05      -1.66529e-07      -1.99572e-12
     626.679     -93.3469      470.544      1      1.19842e-05      -1.66529e-07      -1.99572e-12
     626.698     -66.6568      470.553      1      1.19842e-05      -1.66529e-07      -1.99572e-12
     626.700     -39.9905      470.551      1      1.19842e-05      -1.66529e-07      -1.99572e-12
     626.677     -13.3042      470.551      1      1.19842e-05      -1.66529e-07      -1.99572e-12
     626.662      13.3942      470.554      1      1.19842e-05      -1.66529e-07      -1.99572e-12
     626.641      40.0187      470.558      1      1.19842e-05      -1.66529e-07      -1.99572e-12
     626.646      66.6800      470.558      1      1.19842e-05      -1.66529e-07      -1.99572e-12
     626.638      93.3589      470.556      1      1.19842e-05      -1.66529e-07      -1.99572e-12
     653.341     -93.3572      470.539      1      1.19842e-05      -1.66529e-07      -1.99572e-12
     653.355     -66.6427      470.554      1      1.19842e-05      -1.66529e-07      -1.99572e-12
     653.359     -39.9886      470.550      1      1.19842e-05      -1.66529e-07      -1.99572e-12
     653.365     -13.3089      470.552      1      1.19842e-05      -1.66529e-07      -1.99572e-12
     653.343      13.3823      470.560      1      1.19842e-05      -1.66529e-07      -1.99572e-12
     653.321      40.0250      470.560      1      1.19842e-05      -1.66529e-07      -1.99572e-12
     653.300      66.6874      470.561      1      1.19842e-05      -1.66529e-07      -1.99572e-12
     653.309      93.3541      470.561      1      1.19842e-05      -1.66529e-07      -1.99572e-12
     680.009     -93.3461      470.542      1      1.19842e-05      -1.66529e-07      -1.99572e-12
     680.028     -66.6569      470.549      1      1.19842e-05      -1.66529e-07      -1.99572e-12
     680.030     -39.9864      470.549      1      1.19842e-05      -1.66529e-07      -1.99572e-12
     680.032     -13.3134      470.547      1      1.19842e-05      -1.66529e-07      -1.99572e-12
     680.018      13.4019      470.551      1      1.19842e-05      -1.66529e-07      -1.99572e-12
     679.973      40.0232      470.563      1      1.19842e-05      -1.66529e-07      -1.99572e-12
     679.983      66.6786      470.561      1      1.19842e-05      -1.66529e-07      -1.99572e-12
     679.983      93.3503      470.560      1      1.19842e-05      -1.66529e-07      -1.99572e-12
     706.663     -93.3646      470.546      1      1.19842e-05      -1.66529e-07      -1.99572e-12
     706.695     -66.6540      470.546      1      1.19842e-05      -1.66529e-07      -1.99572e-12
     706.685     -39.9796      470.550      1      1.19842e-05      -1.66529e-07      -1.99572e-12
     706.690     -13.2968      470.544      1      1.19842e-05      -1.66529e-07      -1.99572e-12
     706.662      13.3930      470.558      1      1.19842e-05      -1.66529e-07      -1.99572e-12
     706.640      40.0206      470.561      1      1.19842e-05      -1.66529e-07      -1.99572e-12
     706.635      66.6796      470.566      1      1.19842e-05      -1.66529e-07      -1.99572e-12
     706.643      93.3393      470.568      1      1.19842e-05      -1.66529e-07      -1.99572e-12
     733.344     -66.6909      470.539      1      1.19842e-05      -1.66529e-07      -1.99572e-12
     733.356     -39.9790      470.544      1      1.19842e-05      -1.66529e-07      -1.99572e-12
     733.352     -13.3123      470.547      1      1.19842e-05      -1.66529e-07      -1.99572e-12
     733.346      13.4013      470.548      1      1.19842e-05      -1.66529e-07      -1.99572e-12
     733.303      40.0203      470.570      1      1.19842e-05      -1.66529e-07      -1.99572e-12
     733.300      66.6997      470.567      1      1.19842e-05      -1.66529e-07      -1.99572e-12
     546.662     -66.6974      509.445      1      1.19842e-05      -1.66529e-07      -1.99572e-12
     546.695     -39.9822      509.446      1      1.19842e-05      -1.66529e-07      -1.99572e-12
     546.698     -13.3094      509.447      1      1.19842e-05      -1.66529e-07      -1.99572e-12
     546.669      13.3895      509.449      1      1.19842e-05      -1.66529e-07      -1.99572e-12
     546.657      40.0239      509.446      1      1.19842e-05      -1.66529e-07      -1.99572e-12
     546.648      66.6851      509.444      1      1.19842e-05      -1.66529e-07      -1.99572e-12
     573.342     -93.3424      509.432      1      1.19842e-05      -1.66529e-07      -1.99572e-12
     573.362     -66.6621      509.444      1      1.19842e-05      -1.66529e-07      -1.99572e-12
     573.356     -39.9932      509.442      1      1.19842e-05      -1.66529e-07      -1.99572e-12
     573.362     -13.3143      509.446      1      1.19842e-05      -1.66529e-07      -1.99572e-12
     573.349      13.3972      509.446      1      1.19842e-05      -1.66529e-07      -1.99572e-12
     573.337      40.0173      509.452      1      1.19842e-05      -1.66529e-07      -1.99572e-12
     573.307      66.6760      509.445      1      1.19842e-05      -1.66529e-07      -1.99572e-12
     573.304      93.3493      509.439      1      1.19842e-05      -1.66529e-07      -1.99572e-12
     600.021     -93.3473      509.434      1      1.19842e-05      -1.66529e-07      -1.99572e-12
     600.029     -66.6564      509.443      1      1.19842e-05      -1.66529e-07      -1.99572e-12
     600.021     -39.9902      509.443      1      1.19842e-05      -1.66529e-07      -1.99572e-12
     600.027     -13.3168      509.441      1      1.19842e-05      -1.66529e-07      -1.99572e-12
     600.014      13.3877      509.443      1      1.19842e-05      -1.66529e-07      -1.99572e-12
     599.981      40.0213      509.447      1      1.19842e-05      -1.66529e-07      -1.99572e-12
     599.975      66.6817      509.445      1      1.19842e-05      -1.66529e-07      -1.99572e-12
     599.977      93.3423      509.446      1      1.19842e-05      -1.66529e-07      -1.99572e-12
     626.683     -93.3536      509.431      1      1.19842e-05      -1.66529e-07      -1.99572e-12
     626.696     -66.6533      509.444      1      1.19842e-05      -1.66529e-07      -1.99572e-12
     626.692     -39.9834      509.438      1      1.19842e-05      -1.66529e-07      -1.99572e-12
     626.698     -13.3114      509.439      1      1.19842e-05      -1.66529e-07      -1.99572e-12
     626.672      13.3907      509.448      1      1.19842e-05      -1.66529e-07      -1.99572e-12
     626.635      40.0290      509.452      1      1.19842e-05      -1.66529e-07      -1.99572e-12
     626.633      66.6964      509.445      1      1.19842e-05      -1.66529e-07      -1.99572e-12
     626.649      93.3466      509.445      1      1.19842e-05      -1.66529e-07      -1.99572e-12
     653.343     -93.3540      509.429      1      1.19842e-05      -1.66529e-07      -1.99572e-12
     653.353     -66.6529      509.438      1      1.19842e-05      -1.66529e-07      -1.99572e-12
     653.351     -39.9814      509.441      1      1.19842e-05      -1.66529e-07      -1.99572e-12
     653.348     -13.3232      509.437      1      1.19842e-05      -1.66529e-07      -1.99572e-12
     653.330      13.3822      509.443      1      1.19842e-05      -1.66529e-07      -1.99572e-12
     653.305      40.0318      509.444      1      1.19842e-05      -1.66529e-07      -1.99572e-12
     653.314      66.6843      509.448      1      1.19842e-05      -1.66529e-07      -1.99572e-12
     653.307      93.3442      509.450      1      1.19842e-05      -1.66529e-07      -1.99572e-12
     680.027     -93.3498      509.431      1      1.19842e-05      -1.66529e-07      -1.99572e-12
     680.032     -66.6501      509.438      1      1.19842e-05      -1.66529e-07      -1.99572e-12
     680.032     -39.9685      509.435      1      1.19842e-05      -1.66529e-07      -1.99572e-12
     680.026     -13.3098      509.438      1      1.19842e-05      -1.66529e-07      -1.99572e-12
     680.010      13.3874      509.446      1      1.19842e-05      -1.66529e-07      -1.99572e-12
     679.965      40.0231      509.452      1      1.19842e-05      -1.66529e-07      -1.99572e-12
     679.966      66.6818      509.453      1      1.19842e-05      -1.66529e-07      -1.99572e-12
     679.963      93.3499      509.450      1      1.19842e-05      -1.66529e-07      -1.99572e-12
     706.667     -93.3780      509.425      1      1.19842e-05      -1.66529e-07      -1.99572e-12
     706.699     -66.6401      509.439      1      1.19842e-05      -1.66529e-07      -1.99572e-12
     706.693     -39.9796      509.435      1      1.19842e-05      -1.66529e-07      -1.99572e-12
     706.681     -13.3150      509.434      1      1.19842e-05      -1.66529e-07      -1.99572e-12
     706.664      13.3894      509.444      1      1.19842e-05      -1.66529e-07      -1.99572e-12
     706.631      40.0241      509.457      1      1.19842e-05      -1.66529e-07      -1.99572e-12
     706.637      66.6971      509.449      1      1.19842e-05      -1.66529e-07      -1.99572e-12
     706.632      93.3525      509.454      1      1.19842e-05      -1.66529e-07      -1.99572e-12
     733.350     -66.6804      509.430      1      1.19842e-05      -1.66529e-07      -1.99572e-12
     733.360     -39.9790      509.431      1      1.19842e-05      -1.66529e-07      -1.99572e-12
     733.356     -13.3123      509.432      1      1.19842e-05      -1.66529e-07      -1.99572e-12
     733.339      13.3795      509.441      1      1.19842e-05      -1.66529e-07      -1.99572e-12
     733.308      40.0167      509.454      1      1.19842e-05      -1.66529e-07      -1.99572e-12
     733.309      66.6753      509.453      1      1.19842e-05      -1.66529e-07      -1.99572e-12
     546.662     -66.6974      548.332      1      1.19842e-05      -1.66529e-07      -1.99572e-12
     546.699     -39.9889      548.337      1      1.19842e-05      -1.66529e-07      -1.99572e-12
     546.680     -13.3124      548.332      1      1.19842e-05      -1.66529e-07      -1.99572e-12
     546.667      13.3861      548.332      1      1.19842e-05      -1.66529e-07      -1.99572e-12
     546.637      40.0164      548.327      1      1.19842e-05      -1.66529e-07      -1.99572e-12
     546.656      66.6920      548.331      1      1.19842e-05      -1.66529e-07      -1.99572e-12
     573.356     -93.3468      548.328      1      1.19842e-05      -1.66529e-07      -1.99572e-12
     573.355     -66.6455      548.336      1      1.19842e-05      -1.66529e-07      -1.99572e-12
     573.358     -39.9899      548.330      1      1.19842e-05      -1.66529e-07      -1.99572e-12
     573.366     -13.3144      548.335      1      1.19842e-05      -1.66529e-07      -1.99572e-12
     573.353      13.3836      548.336      1      1.19842e-05      -1.66529e-07      -1.99572e-12
     573.300      40.0159      548.333      1      1.19842e-05      -1.66529e-07      -1.99572e-12
     573.312      66.6893      548.336      1      1.19842e-05      -1.66529e-07      -1.99572e-12
     573.307      93.3435      548.327      1      1.19842e-05      -1.66529e-07      -1.99572e-12
     600.026     -93.3603      548.320      1      1.19842e-05      -1.66529e-07      -1.99572e-12
     600.023     -66.6594      548.329      1      1.19842e-05      -1.66529e-07      -1.99572e-12
     600.025     -39.9903      548.332      1      1.19842e-05      -1.66529e-07      -1.99572e-12
     600.023     -13.3098      548.330      1      1.19842e-05      -1.66529e-07      -1.99572e-12
     600.003      13.3772      548.334      1      1.19842e-05      -1.66529e-07      -1.99572e-12
     599.973      40.0142      548.335      1      1.19842e-05      -1.66529e-07      -1.99572e-12
     599.982      66.6920      548.331      1      1.19842e-05      -1.66529e-07      -1.99572e-12
     599.976      93.3644      548.333      1      1.19842e-05      -1.66529e-07      -1.99572e-12
     626.679     -93.3404      548.323      1      1.19842e-05      -1.66529e-07      -1.99572e-12
     626.696     -66.6398      548.334      1      1.19842e-05      -1.66529e-07      -1.99572e-12
     626.692     -39.9903      548.327      1      1.19842e-05      -1.66529e-07      -1.99572e-12
     626.700     -13.3220      548.327      1      1.19842e-05      -1.66529e-07      -1.99572e-12
     626.686      13.4085      548.332      1      1.19842e-05      -1.66529e-07      -1.99572e-12
     626.641      40.0187      548.338      1      1.19842e-05      -1.66529e-07      -1.99572e-12
     626.642      66.6798      548.337      1      1.19842e-05      -1.66529e-07      -1.99572e-12
     626.647      93.3433      548.336      1      1.19842e-05      -1.66529e-07      -1.99572e-12
     653.341     -93.3506      548.321      1      1.19842e-05      -1.66529e-07      -1.99572e-12
     653.365     -66.6464      548.326      1      1.19842e-05      -1.66529e-07      -1.99572e-12
     653.373     -39.9782      548.324      1      1.19842e-05      -1.66529e-07      -1.99572e-12
     653.367     -13.3125      548.326      1      1.19842e-05      -1.66529e-07      -1.99572e-12
     653.345      13.3930      548.333      1      1.19842e-05      -1.66529e-07      -1.99572e-12
     653.311      40.0284      548.339      1      1.19842e-05      -1.66529e-07      -1.99572e-12
     653.309      66.6705      548.340      1      1.19842e-05      -1.66529e-07      -1.99572e-12
     653.322      93.3612      548.336      1      1.19842e-05      -1.66529e-07      -1.99572e-12
     680.019     -93.3497      548.318      1      1.19842e-05      -1.66529e-07      -1.99572e-12
     680.031     -66.6431      548.329      1      1.19842e-05      -1.66529e-07      -1.99572e-12
     680.028     -39.9828      548.325      1      1.19842e-05      -1.66529e-07      -1.99572e-12
     680.030     -13.3098      548.326      1      1.19842e-05      -1.66529e-07      -1.99572e-12
     680.006      13.3947      548.335      1      1.19842e-05      -1.66529e-07      -1.99572e-12
     679.979      40.0268      548.339      1      1.19842e-05      -1.66529e-07      -1.99572e-12
     679.964      66.6783      548.342      1      1.19842e-05      -1.66529e-07      -1.99572e-12
     679.973      93.3667      548.338      1      1.19842e-05      -1.66529e-07      -1.99572e-12
     706.659     -93.3846      548.323      1      1.19842e-05      -1.66529e-07      -1.99572e-12
     706.695     -66.6470      548.327      1      1.19842e-05      -1.66529e-07      -1.99572e-12
     706.702     -39.9832      548.321      1      1.19842e-05      -1.66529e-07      -1.99572e-12
     706.696     -13.3223      548.322      1      1.19842e-05      -1.66529e-07      -1.99572e-12
     706.685      13.3931      548.326      1      1.19842e-05      -1.66529e-07      -1.99572e-12
     706.627      40.0241      548.346      1      1.19842e-05      -1.66529e-07      -1.99572e-12
     706.662      66.6798      548.342      1      1.19842e-05      -1.66529e-07      -1.99572e-12
     706.641      93.3493      548.341      1      1.19842e-05      -1.66529e-07      -1.99572e-12
     733.353     -66.6943      548.315      1      1.19842e-05      -1.66529e-07      -1.99572e-12
     733.364     -39.9718      548.324      1      1.19842e-05      -1.66529e-07      -1.99572e-12
     733.352     -13.3123      548.325      1      1.19842e-05      -1.66529e-07      -1.99572e-12
     733.334      13.3832      548.335      1      1.19842e-05      -1.66529e-07      -1.99572e-12
     733.315      40.0167      548.342      1      1.19842e-05      -1.66529e-07      -1.99572e-12
     733.302      66.6823      548.344      1      1.19842e-05      -1.66529e-07      -1.99572e-12
     546.668     -66.7011      587.220      1      1.19842e-05      -1.66529e-07      -1.99572e-12
     546.693     -39.9854      587.224      1      1.19842e-05      -1.66529e-07      -1.99572e-12
     546.682     -13.3091      587.227      1      1.19842e-05      -1.66529e-07      -1.99572e-12
     546.677      13.3896      587.225      1      1.19842e-05      -1.66529e-07      -1.99572e-12
     546.645      40.0168      587.223      1      1.19842e-05      -1.66529e-07      -1.99572e-12
     546.640      66.6844      587.217      1      1.19842e-05      -1.66529e-07      -1.99572e-12
     573.358     -93.3592      587.210      1      1.19842e-05      -1.66529e-07      -1.99572e-12
     573.362     -66.6396      587.225      1      1.19842e-05      -1.66529e-07      -1.99572e-12
     573.347     -39.9661      587.227      1      1.19842e-05      -1.66529e-07      -1.99572e-12
     573.364     -13.3178      587.225      1      1.19842e-05      -1.66529e-07      -1.99572e-12
     573.346      13.3802      587.227      1      1.19842e-05      -1.66529e-07      -1.99572e-12
     573.309      40.0296      587.222      1      1.19842e-05      -1.66529e-07      -1.99572e-12
     573.310      66.6924      587.219      1      1.19842e-05      -1.66529e-07      -1.99572e-12
     573.298      93.3518      587.220      1      1.19842e-05      -1.66529e-07      -1.99572e-12
     600.015     -93.3501      587.210      1      1.19842e-05      -1.66529e-07      -1.99572e-12
     600.028     -66.6498      587.219      1      1.19842e-05      -1.66529e-07      -1.99572e-12
     600.039     -39.9668      587.222      1      1.19842e-05      -1.66529e-07      -1.99572e-12
     600.036     -13.3099      587.221      1      1.19842e-05      -1.66529e-07      -1.99572e-12
     600.014      13.4016      587.225      1      1.19842e-05      -1.66529e-07      -1.99572e-12
     599.969      40.0346      587.222      1      1.19842e-05      -1.66529e-07      -1.99572e-12
     599.970      66.6913      587.223      1      1.19842e-05      -1.66529e-07      -1.99572e-12
     599.983      93.3459      587.223      1      1.19842e-05      -1.66529e-07      -1.99572e-12
     626.676     -93.3596      587.210      1      1.19842e-05      -1.66529e-07      -1.99572e-12
     626.696     -66.6533      587.219      1      1.19842e-05      -1.66529e-07      -1.99572e-12
     626.698     -39.9800      587.221      1      1.19842e-05      -1.66529e-07      -1.99572e-12
     626.698     -13.3185      587.218      1      1.19842e-05      -1.66529e-07      -1.99572e-12
     626.678      13.3943      587.226      1      1.19842e-05      -1.66529e-07      -1.99572e-12
     626.633      40.0185      587.223      1      1.19842e-05      -1.66529e-07      -1.99572e-12
     626.647      66.6868      587.224      1      1.19842e-05      -1.66529e-07      -1.99572e-12
     626.634      93.3652      587.226      1      1.19842e-05      -1.66529e-07      -1.99572e-12
     653.351     -93.3608      587.201      1      1.19842e-05      -1.66529e-07      -1.99572e-12
     653.351     -66.6425      587.221      1      1.19842e-05      -1.66529e-07      -1.99572e-12
     653.353     -39.9850      587.218      1      1.19842e-05      -1.66529e-07      -1.99572e-12
     653.361     -13.3304      587.216      1      1.19842e-05      -1.66529e-07      -1.99572e-12
     653.337      13.3858      587.222      1      1.19842e-05      -1.66529e-07      -1.99572e-12
     653.301      40.0176      587.225      1      1.19842e-05      -1.66529e-07      -1.99572e-12
     653.302      66.6840      587.228      1      1.19842e-05      -1.66529e-07      -1.99572e-12
     653.307      93.3508      587.228      1      1.19842e-05      -1.66529e-07      -1.99572e-12
     680.009     -93.3461      587.209      1      1.19842e-05      -1.66529e-07      -1.99572e-12
     680.024     -66.6499      587.220      1      1.19842e-05      -1.66529e-07      -1.99572e-12
     680.020     -39.9898      587.214      1      1.19842e-05      -1.66529e-07      -1.99572e-12
     680.040     -13.3134      587.211      1      1.19842e-05      -1.66529e-07      -1.99572e-12
     680.016      13.3911      587.220      1      1.19842e-05      -1.66529e-07      -1.99572e-12
     679.975      40.0196      587.232      1      1.19842e-05      -1.66529e-07      -1.99572e-12
     679.985      66.6891      587.226      1      1.19842e-05      -1.66529e-07      -1.99572e-12
     679.963      93.3499      587.228      1      1.19842e-05      -1.66529e-07      -1.99572e-12
     706.674     -93.3714      587.210      1      1.19842e-05      -1.66529e-07      -1.99572e-12
     706.697     -66.6505      587.213      1      1.19842e-05      -1.66529e-07      -1.99572e-12
     706.687     -39.9832      587.216      1      1.19842e-05      -1.66529e-07      -1.99572e-12
     706.694     -13.2968      587.211      1      1.19842e-05      -1.66529e-07      -1.99572e-12
     706.668      13.3822      587.225      1      1.19842e-05      -1.66529e-07      -1.99572e-12
     706.640      40.0206      587.231      1      1.19842e-05      -1.66529e-07      -1.99572e-12
     706.637      66.6762      587.230      1      1.19842e-05      -1.66529e-07      -1.99572e-12
     706.630      93.3558      587.232      1      1.19842e-05      -1.66529e-07      -1.99572e-12
     733.341     -66.6839      587.208      1      1.19842e-05      -1.66529e-07      -1.99572e-12
     733.346     -39.9790      587.211      1      1.19842e-05      -1.66529e-07      -1.99572e-12
     733.350     -13.3159      587.214      1      1.19842e-05      -1.66529e-07      -1.99572e-12
     733.339      13.3868      587.221      1      1.19842e-05      -1.66529e-07      -1.99572e-12
     733.312      40.0239      587.236      1      1.19842e-05      -1.66529e-07      -1.99572e-12
     733.306      66.6892      587.230      1      1.19842e-05      -1.66529e-07      -1.99572e-12
     546.664     -66.7008      626.109      1      1.19842e-05      -1.66529e-07      -1.99572e-12
     546.687     -39.9818      626.112      1      1.19842e-05      -1.66529e-07      -1.99572e-12
     546.698     -13.3028      626.114      1      1.19842e-05      -1.66529e-07      -1.99572e-12
     546.679      13.3797      626.117      1      1.19842e-05      -1.66529e-07      -1.99572e-12
     546.629      40.0095      626.107      1      1.19842e-05      -1.66529e-07      -1.99572e-12
     546.650      66.6884      626.110      1      1.19842e-05      -1.66529e-07      -1.99572e-12
     573.342     -93.3424      626.100      1      1.19842e-05      -1.66529e-07      -1.99572e-12
     573.355     -66.6520      626.113      1      1.19842e-05      -1.66529e-07      -1.99572e-12
     573.356     -39.9798      626.114      1      1.19842e-05      -1.66529e-07      -1.99572e-12
     573.352     -13.3176      626.108      1      1.19842e-05      -1.66529e-07      -1.99572e-12
     573.340      13.3835      626.109      1      1.19842e-05      -1.66529e-07      -1.99572e-12
     573.323      40.0201      626.115      1      1.19842e-05      -1.66529e-07      -1.99572e-12
     573.311      66.6763      626.114      1      1.19842e-05      -1.66529e-07      -1.99572e-12
     573.300      93.3489      626.105      1      1.19842e-05      -1.66529e-07      -1.99572e-12
     600.012     -93.3625      626.103      1      1.19842e-05      -1.66529e-07      -1.99572e-12
     600.031     -66.6532      626.113      1      1.19842e-05      -1.66529e-07      -1.99572e-12
     600.032     -39.9939      626.110      1      1.19842e-05      -1.66529e-07      -1.99572e-12
     600.023     -13.3167      626.112      1      1.19842e-05      -1.66529e-07      -1.99572e-12
     600.012      13.3842      626.113      1      1.19842e-05      -1.66529e-07      -1.99572e-12
     599.983      40.0180      626.114      1      1.19842e-05      -1.66529e-07      -1.99572e-12
     599.973      66.6782      626.114      1      1.19842e-05      -1.66529e-07      -1.99572e-12
     599.981      93.3489      626.113      1      1.19842e-05      -1.66529e-07      -1.99572e-12
     626.688     -93.3603      626.095      1      1.19842e-05      -1.66529e-07      -1.99572e-12
     626.674     -66.6558      626.102      1      1.19842e-05      -1.66529e-07      -1.99572e-12
     626.696     -39.9765      626.104      1      1.19842e-05      -1.66529e-07      -1.99572e-12
     626.690     -13.3113      626.109      1      1.19842e-05      -1.66529e-07      -1.99572e-12
     626.676      13.3766      626.112      1      1.19842e-05      -1.66529e-07      -1.99572e-12
     626.635      40.0220      626.112      1      1.19842e-05      -1.66529e-07      -1.99572e-12
     626.636      66.6830      626.111      1      1.19842e-05      -1.66529e-07      -1.99572e-12
     626.646      93.3594      626.106      1      1.19842e-05      -1.66529e-07      -1.99572e-12
     653.349     -93.3443      626.101      1      1.19842e-05      -1.66529e-07      -1.99572e-12
     653.364     -66.6258      626.113      1      1.19842e-05      -1.66529e-07      -1.99572e-12
     653.365     -39.9781      626.108      1      1.19842e-05      -1.66529e-07      -1.99572e-12
     653.361     -13.3161      626.109      1      1.19842e-05      -1.66529e-07      -1.99572e-12
     653.349      13.3787      626.112      1      1.19842e-05      -1.66529e-07      -1.99572e-12
     653.296      40.0105      626.118      1      1.19842e-05      -1.66529e-07      -1.99572e-12
     653.301      66.6771      626.114      1      1.19842e-05      -1.66529e-07      -1.99572e-12
     653.311      93.3509      626.111      1      1.19842e-05      -1.66529e-07      -1.99572e-12
     680.004     -93.3559      626.095      1      1.19842e-05      -1.66529e-07      -1.99572e-12
     680.031     -66.6362      626.103      1      1.19842e-05      -1.66529e-07      -1.99572e-12
     680.032     -39.9685      626.105      1      1.19842e-05      -1.66529e-07      -1.99572e-12
     680.034     -13.3170      626.104      1      1.19842e-05      -1.66529e-07      -1.99572e-12
     680.012      13.3838      626.110      1      1.19842e-05      -1.66529e-07      -1.99572e-12
     679.973      40.0303      626.117      1      1.19842e-05      -1.66529e-07      -1.99572e-12
     679.970      66.6888      626.117      1      1.19842e-05      -1.66529e-07      -1.99572e-12
     679.985      93.3537      626.118      1      1.19842e-05      -1.66529e-07      -1.99572e-12
     706.667     -93.3780      626.095      1      1.19842e-05      -1.66529e-07      -1.99572e-12
     706.690     -66.6365      626.108      1      1.19842e-05      -1.66529e-07      -1.99572e-12
     706.695     -39.9832      626.101      1      1.19842e-05      -1.66529e-07      -1.99572e-12
     706.696     -13.3077      626.100      1      1.19842e-05      -1.66529e-07      -1.99572e-12
     706.675      13.3822      626.110      1      1.19842e-05      -1.66529e-07      -1.99572e-12
     706.640      40.0277      626.118      1      1.19842e-05      -1.66529e-07      -1.99572e-12
     706.636      66.7005      626.117      1      1.19842e-05      -1.66529e-07      -1.99572e-12
     706.632      93.3525      626.121      1      1.19842e-05      -1.66529e-07      -1.99572e-12
     733.346     -66.6874      626.094      1      1.19842e-05      -1.66529e-07      -1.99572e-12
     733.360     -39.9790      626.099      1      1.19842e-05      -1.66529e-07      -1.99572e-12
     733.372     -13.3087      626.093      1      1.19842e-05      -1.66529e-07      -1.99572e-12
     733.341      13.3904      626.110      1      1.19842e-05      -1.66529e-07      -1.99572e-12
     733.314      40.0131      626.123      1      1.19842e-05      -1.66529e-07      -1.99572e-12
     733.311      66.6787      626.118      1      1.19842e-05      -1.66529e-07      -1.99572e-12
     546.668     -66.7011      664.998      1      1.19842e-05      -1.66529e-07      -1.99572e-12
     546.693     -39.9854      665.001      1      1.19842e-05      -1.66529e-07      -1.99572e-12
     546.676     -13.3123      665.000      1      1.19842e-05      -1.66529e-07      -1.99572e-12
     546.671      13.3862      664.999      1      1.19842e-05      -1.66529e-07      -1.99572e-12
     546.657      40.0109      665.002      1      1.19842e-05      -1.66529e-07      -1.99572e-12
     546.652      66.6917      664.997      1      1.19842e-05      -1.66529e-07      -1.99572e-12
     573.348     -93.3461      664.992      1      1.19842e-05      -1.66529e-07      -1.99572e-12
     573.352     -66.6582      665.000      1      1.19842e-05      -1.66529e-07      -1.99572e-12
     573.358     -39.9833      664.998      1      1.19842e-05      -1.66529e-07      -1.99572e-12
     573.366     -13.3144      665.000      1      1.19842e-05      -1.66529e-07      -1.99572e-12
     573.346      13.3870      665.002      1      1.19842e-05      -1.66529e-07      -1.99572e-12
     573.315      40.0198      665.002      1      1.19842e-05      -1.66529e-07      -1.99572e-12
     573.316      66.6960      664.999      1      1.19842e-05      -1.66529e-07      -1.99572e-12
     573.320      93.3570      664.999      1      1.19842e-05      -1.66529e-07      -1.99572e-12
     600.028     -93.3573      664.987      1      1.19842e-05      -1.66529e-07      -1.99572e-12
     600.022     -66.6528      665.001      1      1.19842e-05      -1.66529e-07      -1.99572e-12
     600.019     -39.9799      665.000      1      1.19842e-05      -1.66529e-07      -1.99572e-12
     600.029     -13.3133      665.000      1      1.19842e-05      -1.66529e-07      -1.99572e-12
     600.014      13.3808      665.000      1      1.19842e-05      -1.66529e-07      -1.99572e-12
     599.981      40.0076      665.006      1      1.19842e-05      -1.66529e-07      -1.99572e-12
     599.971      66.6815      665.004      1      1.19842e-05      -1.66529e-07      -1.99572e-12
     599.976      93.3580      664.998      1      1.19842e-05      -1.66529e-07      -1.99572e-12
     626.683     -93.3536      664.988      1      1.19842e-05      -1.66529e-07      -1.99572e-12
     626.695     -66.6330      665.000      1      1.19842e-05      -1.66529e-07      -1.99572e-12
     626.696     -39.9765      664.999      1      1.19842e-05      -1.66529e-07      -1.99572e-12
     626.688     -13.3007      664.995      1      1.19842e-05      -1.66529e-07      -1.99572e-12
     626.670      13.3872      664.997      1      1.19842e-05      -1.66529e-07      -1.99572e-12
     626.643      40.0222      665.002      1      1.19842e-05      -1.66529e-07      -1.99572e-12
     626.649      66.6902      665.000      1      1.19842e-05      -1.66529e-07      -1.99572e-12
     626.647      93.3498      665.002      1      1.19842e-05      -1.66529e-07      -1.99572e-12
     653.341     -93.3572      664.986      1      1.19842e-05      -1.66529e-07      -1.99572e-12
     653.361     -66.6394      664.992      1      1.19842e-05      -1.66529e-07      -1.99572e-12
     653.375     -39.9747      664.994      1      1.19842e-05      -1.66529e-07      -1.99572e-12
     653.369     -13.3161      664.990      1      1.19842e-05      -1.66529e-07      -1.99572e-12
     653.345      13.4002      665.001      1      1.19842e-05      -1.66529e-07      -1.99572e-12
     653.303      40.0212      665.009      1      1.19842e-05      -1.66529e-07      -1.99572e-12
     653.314      66.6843      665.005      1      1.19842e-05      -1.66529e-07      -1.99572e-12
     653.305      93.3540      665.001      1      1.19842e-05      -1.66529e-07      -1.99572e-12
     680.021     -93.3530      664.981      1      1.19842e-05      -1.66529e-07      -1.99572e-12
     680.026     -66.6465      664.994      1      1.19842e-05      -1.66529e-07      -1.99572e-12
     680.026     -39.9792      664.997      1      1.19842e-05      -1.66529e-07      -1.99572e-12
     680.022     -13.3025      664.993      1      1.19842e-05      -1.66529e-07      -1.99572e-12
     679.998      13.3946      665.002      1      1.19842e-05      -1.66529e-07      -1.99572e-12
     679.967      40.0267      665.008      1      1.19842e-05      -1.66529e-07      -1.99572e-12
     679.968      66.6853      665.006      1      1.19842e-05      -1.66529e-07      -1.99572e-12
     679.983      93.3636      665.004      1      1.19842e-05      -1.66529e-07      -1.99572e-12
     706.661     -93.3812      664.988      1      1.19842e-05      -1.66529e-07      -1.99572e-12
     706.691     -66.6331      664.997      1      1.19842e-05      -1.66529e-07      -1.99572e-12
     706.689     -39.9796      664.990      1      1.19842e-05      -1.66529e-07      -1.99572e-12
     706.694     -13.3259      664.990      1      1.19842e-05      -1.66529e-07      -1.99572e-12
     706.685      13.3858      664.994      1      1.19842e-05      -1.66529e-07      -1.99572e-12
     706.644      40.0349      665.010      1      1.19842e-05      -1.66529e-07      -1.99572e-12
     706.635      66.6866      665.010      1      1.19842e-05      -1.66529e-07      -1.99572e-12
     706.641      93.3559      665.007      1      1.19842e-05      -1.66529e-07      -1.99572e-12
     733.335     -66.7013      664.984      1      1.19842e-05      -1.66529e-07      -1.99572e-12
     733.351     -39.9826      664.992      1      1.19842e-05      -1.66529e-07      -1.99572e-12
     733.363     -13.2905      664.988      1      1.19842e-05      -1.66529e-07      -1.99572e-12
     733.337      13.3977      665.000      1      1.19842e-05      -1.66529e-07      -1.99572e-12
     733.306      40.0203      665.013      1      1.19842e-05      -1.66529e-07      -1.99572e-12
     733.306      66.6892      665.010      1      1.19842e-05      -1.66529e-07      -1.99572e-12
     639.711   0.00622531      489.797      1      1.19842e-05      -1.66529e-07      -1.99572e-12
