    -32.2425     -32.2525     -32.2525      2.39684e-05      -0.000325328
    -143.887     -228.097     -195.315      2.39684e-05      -0.000312829
    -158.770     -231.370     -189.257      2.39684e-05      0.000237169
    -171.127     -233.018     -181.220      2.39684e-05      -0.000212831
    -181.245     -233.018     -171.095      2.39684e-05      -0.000312829
    -189.245     -231.380     -158.730      2.39684e-05      0.000374673
    -195.322     -228.080     -143.873      2.39684e-05      0.000487177
    -139.175     -217.673     -210.218      2.39684e-05      0.000574681
    -156.243     -222.743     -206.105      2.39684e-05      0.000124668
    -170.615     -226.077     -200.188      2.39684e-05      -0.000212831
    -182.588     -227.738     -192.387      2.39684e-05      0.000437175
    -192.398     -227.738     -182.550      2.39684e-05      -0.00053782
    -200.183     -226.088     -170.567      2.39684e-05      0.000287171
    -206.093     -222.743     -156.205      2.39684e-05      0.000499678
    -210.192     -217.678     -139.155      2.39684e-05      0.000199669
    -149.653     -210.485     -218.917      2.39684e-05      0.000599683
    -166.222     -215.630     -214.895      2.39684e-05      -0.00026283
    -180.213     -219.028     -209.105      2.39684e-05      -0.000487823
    -191.910     -220.718     -201.468      2.39684e-05      -0.000175332
    -201.493     -220.718     -191.865      2.39684e-05      0.00027467
    -209.095     -219.042     -180.183      2.39684e-05      -0.000450324
    -214.880     -215.640     -166.190      2.39684e-05      -0.000225331
    -218.898     -210.490     -149.620      2.39684e-05      -2.5333e-05
    -157.838     -201.405     -225.778      2.39684e-05      -3.33059e-07
    -174.058     -206.667     -221.817      2.39684e-05      -3.33059e-07
    -187.757     -210.135     -216.127      2.39684e-05      -3.33059e-07
    -199.227     -211.860     -208.630      2.39684e-05      -3.33059e-07
    -208.650     -211.860     -199.197      2.39684e-05      -3.33059e-07
    -216.123     -210.150     -187.725      2.39684e-05      -3.33059e-07
    -221.812     -206.660     -174.023      2.39684e-05      -3.33059e-07
    -225.757     -201.398     -157.817      2.39684e-05      -3.33059e-07
    -163.898     -190.287     -230.895      2.39684e-05      -3.33059e-07
    -179.868     -195.697     -226.982      2.39684e-05      -3.33059e-07
    -193.380     -199.270     -221.363      2.39684e-05      -3.33059e-07
    -204.680     -201.040     -213.958      2.39684e-05      -3.33059e-07
    -213.975     -201.040     -204.627      2.39684e-05      -3.33059e-07
    -221.347     -199.280     -193.330      2.39684e-05      -3.33059e-07
    -226.965     -195.710     -179.830      2.39684e-05      -3.33059e-07
    -230.875     -190.290     -163.875      2.39684e-05      -3.33059e-07
    -167.945     -176.982     -234.320      2.39684e-05      -3.33059e-07
    -183.738     -182.577     -230.425      2.39684e-05      -3.33059e-07
    -197.110     -186.265     -224.855      2.39684e-05      -3.33059e-07
    -208.315     -188.105     -217.510      2.39684e-05      -3.33059e-07
    -217.525     -188.102     -208.275      2.39684e-05      -3.33059e-07
    -224.847     -186.282     -197.072      2.39684e-05      -3.33059e-07
    -230.417     -182.590     -183.702      2.39684e-05      -3.33059e-07
    -234.285     -176.985     -167.912      2.39684e-05      -3.33059e-07
    -170.002     -161.225     -236.083      2.39684e-05      -3.33059e-07
    -185.738     -167.065     -232.210      2.39684e-05      -3.33059e-07
    -199.040     -170.905     -226.665      2.39684e-05      -3.33059e-07
    -210.195     -172.815     -219.350      2.39684e-05      -3.33059e-07
    -219.377     -172.817     -210.157      2.39684e-05      -3.33059e-07
    -226.650     -170.920     -199.005      2.39684e-05      -3.33059e-07
    -232.202     -167.067     -185.697      2.39684e-05      -3.33059e-07
    -236.055     -161.230     -170.007      2.39684e-05      -3.33059e-07
    -185.873     -148.847     -232.365      2.39684e-05      -3.33059e-07
    -199.192     -152.877     -226.798      2.39684e-05      -3.33059e-07
    -210.338     -154.895     -219.485      2.39684e-05      -3.33059e-07
    -219.505     -154.898     -210.298      2.39684e-05      -3.33059e-07
    -226.792     -152.890     -199.157      2.39684e-05      -3.33059e-07
    -232.338     -148.847     -185.852      2.39684e-05      -3.33059e-07
    -104.987     -189.175     -156.438      2.39684e-05      -3.33059e-07
    -119.882     -192.490     -150.365      2.39684e-05      -3.33059e-07
    -132.243     -194.127     -142.340      2.39684e-05      -3.33059e-07
    -142.355     -194.125     -132.205      2.39684e-05      -3.33059e-07
    -150.355     -192.490     -119.843      2.39684e-05      -3.33059e-07
    -156.428     -189.178     -104.985      2.39684e-05      -3.33059e-07
    -100.295     -178.787     -171.330      2.39684e-05      -3.33059e-07
    -117.368     -183.845     -167.213      2.39684e-05      -3.33059e-07
    -131.720     -187.188     -161.303      2.39684e-05      -3.33059e-07
    -143.700     -188.852     -153.498      2.39684e-05      -3.33059e-07
    -153.515     -188.852     -143.660      2.39684e-05      -3.33059e-07
    -161.292     -187.197     -131.680      2.39684e-05      -3.33059e-07
    -167.200     -183.855     -117.312      2.39684e-05      -3.33059e-07
    -171.315     -178.792     -100.257      2.39684e-05      -3.33059e-07
    -110.760     -171.597     -180.032      2.39684e-05      -3.33059e-07
    -127.347     -176.743     -176.007      2.39684e-05      -3.33059e-07
    -141.335     -180.137     -170.218      2.39684e-05      -3.33059e-07
    -153.020     -181.827     -162.590      2.39684e-05      -3.33059e-07
    -162.600     -181.827     -152.972      2.39684e-05      -3.33059e-07
    -170.205     -180.155     -141.275      2.39684e-05      -3.33059e-07
    -176.002     -176.748     -127.300      2.39684e-05      -3.33059e-07
    -180.020     -171.597     -110.730      2.39684e-05      -3.33059e-07
    -118.948     -162.512     -186.893      2.39684e-05      -3.33059e-07
    -135.167     -167.778     -182.935      2.39684e-05      -3.33059e-07
    -148.880     -171.252     -177.232      2.39684e-05      -3.33059e-07
    -160.343     -172.970     -169.738      2.39684e-05      -3.33059e-07
    -169.752     -172.970     -160.298      2.39684e-05      -3.33059e-07
    -177.232     -171.252     -148.838      2.39684e-05      -3.33059e-07
    -182.923     -167.785     -135.127      2.39684e-05      -3.33059e-07
    -186.868     -162.512     -118.920      2.39684e-05      -3.33059e-07
    -125.013     -151.405     -192.005      2.39684e-05      -3.33059e-07
    -140.975     -156.812     -188.083      2.39684e-05      -3.33059e-07
    -154.475     -160.387     -182.465      2.39684e-05      -3.33059e-07
    -165.787     -162.153     -175.060      2.39684e-05      -3.33059e-07
    -175.072     -162.153     -165.750      2.39684e-05      -3.33059e-07
    -182.460     -160.393     -154.445      2.39684e-05      -3.33059e-07
    -188.080     -156.825     -140.930      2.39684e-05      -3.33059e-07
    -191.977     -151.405     -124.985      2.39684e-05      -3.33059e-07
    -129.055     -138.093     -195.423      2.39684e-05      -3.33059e-07
    -144.845     -143.688     -191.532      2.39684e-05      -3.33059e-07
    -158.220     -147.382     -185.970      2.39684e-05      -3.33059e-07
    -169.423     -149.213     -178.620      2.39684e-05      -3.33059e-07
    -178.637     -149.213     -169.390      2.39684e-05      -3.33059e-07
    -185.958     -147.393     -158.183      2.39684e-05      -3.33059e-07
    -191.528     -143.695     -144.810      2.39684e-05      -3.33059e-07
    -195.398     -138.090     -129.032      2.39684e-05      -3.33059e-07
    -131.118     -122.335     -197.188      2.39684e-05      -3.33059e-07
    -146.850     -128.185     -193.327      2.39684e-05      -3.33059e-07
    -160.157     -132.018     -187.773      2.39684e-05      -3.33059e-07
    -171.312     -133.923     -180.460      2.39684e-05      -3.33059e-07
    -180.472     -133.923     -171.262      2.39684e-05      -3.33059e-07
    -187.768     -132.028     -160.118      2.39684e-05      -3.33059e-07
    -193.310     -128.185     -146.808      2.39684e-05      -3.33059e-07
    -197.170     -122.335     -131.115      2.39684e-05      -3.33059e-07
    -146.988     -109.953     -193.472      2.39684e-05      -3.33059e-07
    -160.308     -113.987     -187.912      2.39684e-05      -3.33059e-07
    -171.450     -116.002     -180.607      2.39684e-05      -3.33059e-07
    -180.627     -116.002     -171.415      2.39684e-05      -3.33059e-07
    -187.903     -113.995     -160.262      2.39684e-05      -3.33059e-07
    -193.452     -109.960     -146.963      2.39684e-05      -3.33059e-07
    -66.1000     -150.290     -117.540      2.39684e-05      -3.33059e-07
    -80.9950     -153.590     -111.478      2.39684e-05      -3.33059e-07
    -93.3700     -155.235     -103.450      2.39684e-05      -3.33059e-07
    -103.460     -155.232     -93.3125      2.39684e-05      -3.33059e-07
    -111.465     -153.607     -80.9500      2.39684e-05      -3.33059e-07
    -117.543     -150.300     -66.1000      2.39684e-05      -3.33059e-07
    -61.3975     -139.905     -132.435      2.39684e-05      -3.33059e-07
    -78.4600     -144.958     -128.317      2.39684e-05      -3.33059e-07
    -92.8275     -148.303     -122.415      2.39684e-05      -3.33059e-07
    -104.805     -149.965     -114.612      2.39684e-05      -3.33059e-07
    -114.627     -149.963     -104.772      2.39684e-05      -3.33059e-07
    -122.403     -148.308     -92.7950      2.39684e-05      -3.33059e-07
    -128.315     -144.965     -78.4275      2.39684e-05      -3.33059e-07
    -132.423     -139.905     -61.3750      2.39684e-05      -3.33059e-07
    -71.8750     -132.705     -141.143      2.39684e-05      -3.33059e-07
    -88.4475     -137.852     -137.107      2.39684e-05      -3.33059e-07
    -102.440     -141.250     -131.333      2.39684e-05      -3.33059e-07
    -114.127     -142.940     -123.700      2.39684e-05      -3.33059e-07
    -123.718     -142.940     -114.088      2.39684e-05      -3.33059e-07
    -131.317     -141.265     -102.395      2.39684e-05      -3.33059e-07
    -137.105     -137.865     -88.4125      2.39684e-05      -3.33059e-07
    -141.118     -132.708     -71.8475      2.39684e-05      -3.33059e-07
    -80.0625     -123.623     -148.005      2.39684e-05      -3.33059e-07
    -96.2750     -128.880     -144.035      2.39684e-05      -3.33059e-07
    -109.993     -132.360     -138.357      2.39684e-05      -3.33059e-07
    -121.450     -134.083     -130.850      2.39684e-05      -3.33059e-07
    -130.865     -134.083     -121.418      2.39684e-05      -3.33059e-07
    -138.345     -132.370     -109.942      2.39684e-05      -3.33059e-07
    -144.035     -128.880     -96.2375      2.39684e-05      -3.33059e-07
    -147.982     -123.623     -80.0400      2.39684e-05      -3.33059e-07
    -86.1250     -112.515     -153.115      2.39684e-05      -3.33059e-07
    -102.085     -117.922     -149.195      2.39684e-05      -3.33059e-07
    -115.588     -121.490     -143.585      2.39684e-05      -3.33059e-07
    -126.897     -123.267     -136.178      2.39684e-05      -3.33059e-07
    -136.188     -123.267     -126.858      2.39684e-05      -3.33059e-07
    -143.570     -121.505     -115.550      2.39684e-05      -3.33059e-07
    -149.192     -117.935     -102.043      2.39684e-05      -3.33059e-07
    -153.090     -112.502     -86.1025      2.39684e-05      -3.33059e-07
    -90.1650     -99.2050     -156.535      2.39684e-05      -3.33059e-07
    -105.957     -104.808     -152.655      2.39684e-05      -3.33059e-07
    -119.343     -108.487     -147.072      2.39684e-05      -3.33059e-07
    -130.535     -110.328     -139.732      2.39684e-05      -3.33059e-07
    -139.745     -110.328     -130.502      2.39684e-05      -3.33059e-07
    -147.065     -108.490     -119.287      2.39684e-05      -3.33059e-07
    -152.643     -104.810     -105.915      2.39684e-05      -3.33059e-07
    -156.515     -99.2025     -90.1475      2.39684e-05      -3.33059e-07
    -92.2375     -83.4525     -158.310      2.39684e-05      -3.33059e-07
    -107.960     -89.2800     -154.435      2.39684e-05      -3.33059e-07
    -121.265     -93.1250     -148.880      2.39684e-05      -3.33059e-07
    -132.417     -95.0375     -141.570      2.39684e-05      -3.33059e-07
    -141.588     -95.0375     -132.377      2.39684e-05      -3.33059e-07
    -148.875     -93.1375     -121.222      2.39684e-05      -3.33059e-07
    -154.428     -89.2925     -107.912      2.39684e-05      -3.33059e-07
    -158.278     -83.4325     -92.2225      2.39684e-05      -3.33059e-07
    -108.097     -71.0700     -154.588      2.39684e-05      -3.33059e-07
    -121.418     -75.1000     -149.025      2.39684e-05      -3.33059e-07
    -132.575     -77.1000     -141.715      2.39684e-05      -3.33059e-07
    -141.727     -77.1000     -132.528      2.39684e-05      -3.33059e-07
    -149.010     -75.1150     -121.380      2.39684e-05      -3.33059e-07
    -154.560     -71.0700     -108.075      2.39684e-05      -3.33059e-07
    -27.2075     -111.405     -78.6475      2.39684e-05      -3.33059e-07
    -42.1075     -114.703     -72.5900      2.39684e-05      -3.33059e-07
    -54.4625     -116.350     -64.5575      2.39684e-05      -3.33059e-07
    -64.5775     -116.347     -54.4250      2.39684e-05      -3.33059e-07
    -72.5825     -114.713     -42.0725      2.39684e-05      -3.33059e-07
    -78.6600     -111.412     -27.2100      2.39684e-05      -3.33059e-07
    -22.5100     -101.005     -93.5475      2.39684e-05      -3.33059e-07
    -39.5750     -106.078     -89.4400      2.39684e-05      -3.33059e-07
    -53.9425     -109.420     -83.5250      2.39684e-05      -3.33059e-07
    -65.9275     -111.073     -75.7225      2.39684e-05      -3.33059e-07
    -75.7325     -111.073     -65.8775      2.39684e-05      -3.33059e-07
    -83.5150     -109.418     -53.9025      2.39684e-05      -3.33059e-07
    -89.4250     -106.078     -39.5350      2.39684e-05      -3.33059e-07
    -93.5250     -101.007     -22.4875      2.39684e-05      -3.33059e-07
    -32.9850     -93.8150     -102.252      2.39684e-05      -3.33059e-07
    -49.5575     -98.9675     -98.2275      2.39684e-05      -3.33059e-07
    -63.5525     -102.362     -92.4450      2.39684e-05      -3.33059e-07
    -75.2325     -104.062     -84.8050      2.39684e-05      -3.33059e-07
    -84.8200     -104.062     -75.2025      2.39684e-05      -3.33059e-07
    -92.4375     -102.375     -63.5100      2.39684e-05      -3.33059e-07
    -98.2150     -98.9750     -49.5200      2.39684e-05      -3.33059e-07
    -102.233     -93.8150     -32.9500      2.39684e-05      -3.33059e-07
    -41.1700     -84.7325     -109.115      2.39684e-05      -3.33059e-07
    -57.3925     -89.9950     -105.147      2.39684e-05      -3.33059e-07
    -71.0975     -93.4650     -99.4625      2.39684e-05      -3.33059e-07
    -82.5675     -95.1975     -91.9625      2.39684e-05      -3.33059e-07
    -91.9875     -95.1950     -82.5300      2.39684e-05      -3.33059e-07
    -99.4550     -93.4800     -71.0575      2.39684e-05      -3.33059e-07
    -105.145     -90.0025     -57.3550      2.39684e-05      -3.33059e-07
    -109.095     -84.7300     -41.1450      2.39684e-05      -3.33059e-07
    -47.2400     -73.6225     -114.228      2.39684e-05      -3.33059e-07
    -63.1975     -79.0350     -110.315      2.39684e-05      -3.33059e-07
    -76.7075     -82.6000     -104.692      2.39684e-05      -3.33059e-07
    -88.0150     -84.3775     -97.2875      2.39684e-05      -3.33059e-07
    -97.3025     -84.3750     -87.9675      2.39684e-05      -3.33059e-07
    -104.677     -82.6050     -76.6625      2.39684e-05      -3.33059e-07
    -110.297     -79.0375     -63.1550      2.39684e-05      -3.33059e-07
    -114.207     -73.6200     -47.2100      2.39684e-05      -3.33059e-07
    -51.2775     -60.3125     -117.655      2.39684e-05      -3.33059e-07
    -67.0725     -65.9150     -113.763      2.39684e-05      -3.33059e-07
    -80.4375     -69.6075     -108.185      2.39684e-05      -3.33059e-07
    -91.6450     -71.4300     -100.840      2.39684e-05      -3.33059e-07
    -100.858     -71.4300     -91.6025      2.39684e-05      -3.33059e-07
    -108.185     -69.6150     -80.4000      2.39684e-05      -3.33059e-07
    -113.752     -65.9250     -67.0275      2.39684e-05      -3.33059e-07
    -117.623     -60.3175     -51.2425      2.39684e-05      -3.33059e-07
    -53.3350     -44.5600     -119.410      2.39684e-05      -3.33059e-07
    -69.0725     -50.3925     -115.540      2.39684e-05      -3.33059e-07
    -82.3825     -54.2400     -110.000      2.39684e-05      -3.33059e-07
    -93.5300     -56.1450     -102.685      2.39684e-05      -3.33059e-07
    -102.703     -56.1450     -93.4900      2.39684e-05      -3.33059e-07
    -109.987     -54.2525     -82.3325      2.39684e-05      -3.33059e-07
    -115.535     -50.4025     -69.0325      2.39684e-05      -3.33059e-07
    -119.390     -44.5625     -53.3350      2.39684e-05      -3.33059e-07
    -69.2100     -32.1825     -115.698      2.39684e-05      -3.33059e-07
    -82.5250     -36.2075     -110.135      2.39684e-05      -3.33059e-07
    -93.6775     -38.2250     -102.825      2.39684e-05      -3.33059e-07
    -102.838     -38.2250     -93.6300      2.39684e-05      -3.33059e-07
    -110.123     -36.2175     -82.4950      2.39684e-05      -3.33059e-07
    -115.672     -32.1825     -69.1850      2.39684e-05      -3.33059e-07
     11.6825     -72.5125     -39.7775      2.39684e-05      -3.33059e-07
    -3.21500     -75.8175     -33.6975      2.39684e-05      -3.33059e-07
    -15.5750     -77.4600     -25.6750      2.39684e-05      -3.33059e-07
    -25.6875     -77.4600     -15.5375      2.39684e-05      -3.33059e-07
    -33.6850     -75.8250     -3.17250      2.39684e-05      -3.33059e-07
    -39.7600     -72.5275      11.6825      2.39684e-05      -3.33059e-07
     16.3775     -62.1200     -54.6600      2.39684e-05      -3.33059e-07
   -0.690000     -67.1775     -50.5375      2.39684e-05      -3.33059e-07
    -15.0550     -70.5250     -44.6350      2.39684e-05      -3.33059e-07
    -27.0375     -72.1850     -36.8300      2.39684e-05      -3.33059e-07
    -36.8425     -72.1850     -26.9875      2.39684e-05      -3.33059e-07
    -44.6225     -70.5325     -15.0150      2.39684e-05      -3.33059e-07
    -50.5375     -67.1850    -0.642500      2.39684e-05      -3.33059e-07
    -54.6325     -62.1225      16.4050      2.39684e-05      -3.33059e-07
     5.90750     -54.9275     -63.3650      2.39684e-05      -3.33059e-07
    -10.6825     -60.0750     -59.3350      2.39684e-05      -3.33059e-07
    -24.6650     -63.4750     -53.5500      2.39684e-05      -3.33059e-07
    -36.3475     -65.1650     -45.9175      2.39684e-05      -3.33059e-07
    -45.9350     -65.1650     -36.3100      2.39684e-05      -3.33059e-07
    -53.5450     -63.4875     -24.6175      2.39684e-05      -3.33059e-07
    -59.3225     -60.0850     -10.6300      2.39684e-05      -3.33059e-07
    -63.3475     -54.9250      5.92500      2.39684e-05      -3.33059e-07
    -2.28500     -45.8450     -70.2250      2.39684e-05      -3.33059e-07
    -18.5000     -51.1025     -66.2675      2.39684e-05      -3.33059e-07
    -32.2075     -54.5775     -60.5800      2.39684e-05      -3.33059e-07
    -43.6750     -56.3125     -53.0675      2.39684e-05      -3.33059e-07
    -53.0900     -56.3125     -43.6325      2.39684e-05      -3.33059e-07
    -60.5675     -54.5900     -32.1725      2.39684e-05      -3.33059e-07
    -66.2550     -51.1125     -18.4675      2.39684e-05      -3.33059e-07
    -70.2050     -45.8450     -2.25250      2.39684e-05      -3.33059e-07
    -8.34500     -34.7400     -75.3400      2.39684e-05      -3.33059e-07
    -24.3075     -40.1450     -71.4175      2.39684e-05      -3.33059e-07
    -37.8100     -43.7150     -65.8050      2.39684e-05      -3.33059e-07
    -49.1200     -45.4825     -58.3925      2.39684e-05      -3.33059e-07
    -58.4050     -45.4825     -49.0800      2.39684e-05      -3.33059e-07
    -65.7975     -43.7175     -37.7750      2.39684e-05      -3.33059e-07
    -71.4100     -40.1550     -24.2650      2.39684e-05      -3.33059e-07
    -75.3125     -34.7325     -8.31750      2.39684e-05      -3.33059e-07
    -12.3900     -21.4275     -78.7550      2.39684e-05      -3.33059e-07
    -28.1775     -27.0200     -74.8750      2.39684e-05      -3.33059e-07
    -41.5525     -30.7100     -69.3000      2.39684e-05      -3.33059e-07
    -52.7600     -32.5425     -61.9550      2.39684e-05      -3.33059e-07
    -61.9775     -32.5425     -52.7200      2.39684e-05      -3.33059e-07
    -69.2900     -30.7225     -41.5150      2.39684e-05      -3.33059e-07
    -74.8625     -27.0275     -28.1475      2.39684e-05      -3.33059e-07
    -78.7350     -21.4225     -12.3650      2.39684e-05      -3.33059e-07
    -14.4575     -5.67000     -80.5200      2.39684e-05      -3.33059e-07
    -30.1800     -11.5050     -76.6600      2.39684e-05      -3.33059e-07
    -43.4850     -15.3525     -71.1025      2.39684e-05      -3.33059e-07
    -54.6475     -17.2625     -63.7900      2.39684e-05      -3.33059e-07
    -63.8050     -17.2625     -54.5950      2.39684e-05      -3.33059e-07
    -71.1000     -15.3650     -43.4525      2.39684e-05      -3.33059e-07
    -76.6425     -11.5175     -30.1425      2.39684e-05      -3.33059e-07
    -80.4950     -5.66750     -14.4500      2.39684e-05      -3.33059e-07
    -30.3200      6.71250     -76.8100      2.39684e-05      -3.33059e-07
    -43.6400      2.67500     -71.2475      2.39684e-05      -3.33059e-07
    -54.7825     0.672500     -63.9325      2.39684e-05      -3.33059e-07
    -63.9600     0.672500     -54.7475      2.39684e-05      -3.33059e-07
    -71.2325      2.66750     -43.5950      2.39684e-05      -3.33059e-07
    -76.7850      6.71000     -30.2875      2.39684e-05      -3.33059e-07
     50.5700     -33.6250    -0.882500      2.39684e-05      -3.33059e-07
     35.6700     -36.9275      5.19000      2.39684e-05      -3.33059e-07
     23.3075     -38.5675      13.2200      2.39684e-05      -3.33059e-07
     13.2075     -38.5675      23.3575      2.39684e-05      -3.33059e-07
     5.19500     -36.9300      35.7100      2.39684e-05      -3.33059e-07
   -0.875000     -33.6300      50.5700      2.39684e-05      -3.33059e-07
     55.2625     -23.2375     -15.7700      2.39684e-05      -3.33059e-07
     38.2050     -28.2900     -11.6625      2.39684e-05      -3.33059e-07
     23.8400     -31.6375     -5.75000      2.39684e-05      -3.33059e-07
     11.8575     -33.2950      2.06000      2.39684e-05      -3.33059e-07
     2.03750     -33.2950      11.8975      2.39684e-05      -3.33059e-07
    -5.74000     -31.6300      23.8700      2.39684e-05      -3.33059e-07
    -11.6450     -28.3000      38.2375      2.39684e-05      -3.33059e-07
    -15.7500     -23.2375      55.2925      2.39684e-05      -3.33059e-07
     44.7925     -16.0375     -24.4750      2.39684e-05      -3.33059e-07
     28.2175     -21.1850     -20.4500      2.39684e-05      -3.33059e-07
     14.2325     -24.5875     -14.6625      2.39684e-05      -3.33059e-07
     2.54000     -26.2775     -7.03250      2.39684e-05      -3.33059e-07
    -7.05000     -26.2775      2.57500      2.39684e-05      -3.33059e-07
    -14.6550     -24.5925      14.2650      2.39684e-05      -3.33059e-07
    -20.4375     -21.1950      28.2525      2.39684e-05      -3.33059e-07
    -24.4500     -16.0400      44.8175      2.39684e-05      -3.33059e-07
     36.6050     -6.95500     -31.3400      2.39684e-05      -3.33059e-07
     20.3900     -12.2125     -27.3750      2.39684e-05      -3.33059e-07
     6.67750     -15.6950     -21.6900      2.39684e-05      -3.33059e-07
    -4.79000     -17.4175     -14.1875      2.39684e-05      -3.33059e-07
    -14.1975     -17.4150     -4.74250      2.39684e-05      -3.33059e-07
    -21.6750     -15.6975      6.72750      2.39684e-05      -3.33059e-07
    -27.3675     -12.2275      20.4325      2.39684e-05      -3.33059e-07
    -31.3175     -6.95500      36.6250      2.39684e-05      -3.33059e-07
     30.5425      4.15000     -36.4500      2.39684e-05      -3.33059e-07
     14.5825     -1.26000     -32.5350      2.39684e-05      -3.33059e-07
     1.08000     -4.82750     -26.9100      2.39684e-05      -3.33059e-07
    -10.2275     -6.60500     -19.5100      2.39684e-05      -3.33059e-07
    -19.5200     -6.60500     -10.1950      2.39684e-05      -3.33059e-07
    -26.9125     -4.84000      1.11500      2.39684e-05      -3.33059e-07
    -32.5250     -1.26250      14.6175      2.39684e-05      -3.33059e-07
    -36.4225      4.15250      30.5650      2.39684e-05      -3.33059e-07
     26.5000      17.4725     -39.8675      2.39684e-05      -3.33059e-07
     10.7075      11.8700     -35.9850      2.39684e-05      -3.33059e-07
    -2.67500      8.17500     -30.4100      2.39684e-05      -3.33059e-07
    -13.8700      6.34500     -23.0625      2.39684e-05      -3.33059e-07
    -23.0775      6.34750     -13.8300      2.39684e-05      -3.33059e-07
    -30.4000      8.16250     -2.62500      2.39684e-05      -3.33059e-07
    -35.9700      11.8550      10.7475      2.39684e-05      -3.33059e-07
    -39.8425      17.4575      26.5275      2.39684e-05      -3.33059e-07
     24.4300      33.2150     -41.6425      2.39684e-05      -3.33059e-07
     8.70500      27.3875     -37.7650      2.39684e-05      -3.33059e-07
    -4.60000      23.5375     -32.2175      2.39684e-05      -3.33059e-07
    -15.7500      21.6225     -24.9050      2.39684e-05      -3.33059e-07
    -24.9175      21.6250     -15.7100      2.39684e-05      -3.33059e-07
    -32.2050      23.5250     -4.55500      2.39684e-05      -3.33059e-07
    -37.7625      27.3700      8.75000      2.39684e-05      -3.33059e-07
    -41.6100      33.2150      24.4450      2.39684e-05      -3.33059e-07
     8.56500      45.6050     -37.9175      2.39684e-05      -3.33059e-07
    -4.75250      41.5650     -32.3600      2.39684e-05      -3.33059e-07
    -15.8975      39.5600     -25.0475      2.39684e-05      -3.33059e-07
    -25.0600      39.5600     -15.8625      2.39684e-05      -3.33059e-07
    -32.3475      41.5550     -4.71250      2.39684e-05      -3.33059e-07
    -37.8950      45.5975      8.58500      2.39684e-05      -3.33059e-07
     89.4575      5.26250      38.0050      2.39684e-05      -3.33059e-07
     74.5625      1.96500      44.0775      2.39684e-05      -3.33059e-07
     62.2025     0.315000      52.1125      2.39684e-05      -3.33059e-07
     52.0925     0.315000      62.2400      2.39684e-05      -3.33059e-07
     44.0875      1.94750      74.5975      2.39684e-05      -3.33059e-07
     38.0075      5.26000      89.4575      2.39684e-05      -3.33059e-07
     94.1550      15.6625      23.1200      2.39684e-05      -3.33059e-07
     77.0900      10.5975      27.2350      2.39684e-05      -3.33059e-07
     62.7250      7.25000      33.1375      2.39684e-05      -3.33059e-07
     50.7450      5.59500      40.9475      2.39684e-05      -3.33059e-07
     40.9300      5.59500      50.7800      2.39684e-05      -3.33059e-07
     33.1550      7.24250      62.7650      2.39684e-05      -3.33059e-07
     27.2425      10.5950      77.1350      2.39684e-05      -3.33059e-07
     23.1375      15.6500      94.1750      2.39684e-05      -3.33059e-07
     83.6850      22.8525      14.4075      2.39684e-05      -3.33059e-07
     67.1075      17.7000      18.4375      2.39684e-05      -3.33059e-07
     53.1200      14.3025      24.2250      2.39684e-05      -3.33059e-07
     41.4275      12.6100      31.8600      2.39684e-05      -3.33059e-07
     31.8475      12.6100      41.4650      2.39684e-05      -3.33059e-07
     24.2375      14.2925      53.1525      2.39684e-05      -3.33059e-07
     18.4450      17.6950      67.1425      2.39684e-05      -3.33059e-07
     14.4350      22.8525      83.7200      2.39684e-05      -3.33059e-07
     75.4900      31.9325      7.55500      2.39684e-05      -3.33059e-07
     59.2725      26.6750      11.5175      2.39684e-05      -3.33059e-07
     45.5700      23.1950      17.1975      2.39684e-05      -3.33059e-07
     34.1025      21.4725      24.6975      2.39684e-05      -3.33059e-07
     24.6775      21.4750      34.1450      2.39684e-05      -3.33059e-07
     17.2125      23.1900      45.6075      2.39684e-05      -3.33059e-07
     11.5250      26.6650      59.3125      2.39684e-05      -3.33059e-07
     7.57500      31.9350      75.5150      2.39684e-05      -3.33059e-07
     69.4325      43.0400      2.44250      2.39684e-05      -3.33059e-07
     53.4650      37.6325      6.35250      2.39684e-05      -3.33059e-07
     39.9575      34.0650      11.9700      2.39684e-05      -3.33059e-07
     28.6550      32.2925      19.3800      2.39684e-05      -3.33059e-07
     19.3650      32.2925      28.6975      2.39684e-05      -3.33059e-07
     11.9825      34.0575      40.0075      2.39684e-05      -3.33059e-07
     6.37000      37.6250      53.5025      2.39684e-05      -3.33059e-07
     2.46000      43.0500      69.4600      2.39684e-05      -3.33059e-07
     65.3875      56.3550    -0.980000      2.39684e-05      -3.33059e-07
     49.5950      50.7600      2.90750      2.39684e-05      -3.33059e-07
     36.2225      47.0650      8.47750      2.39684e-05      -3.33059e-07
     25.0175      45.2350      15.8250      2.39684e-05      -3.33059e-07
     15.8100      45.2350      25.0625      2.39684e-05      -3.33059e-07
     8.48500      47.0575      36.2625      2.39684e-05      -3.33059e-07
     2.92000      50.7425      49.6350      2.39684e-05      -3.33059e-07
   -0.957500      56.3550      65.4250      2.39684e-05      -3.33059e-07
     63.3325      72.1100     -2.74500      2.39684e-05      -3.33059e-07
     47.5975      66.2750      1.12250      2.39684e-05      -3.33059e-07
     34.2875      62.4300      6.66750      2.39684e-05      -3.33059e-07
     23.1400      60.5200      13.9800      2.39684e-05      -3.33059e-07
     13.9625      60.5200      23.1725      2.39684e-05      -3.33059e-07
     6.68500      62.4125      34.3350      2.39684e-05      -3.33059e-07
     1.13250      66.2750      47.6325      2.39684e-05      -3.33059e-07
    -2.72250      72.1075      63.3300      2.39684e-05      -3.33059e-07
     47.4575      84.4950     0.965000      2.39684e-05      -3.33059e-07
     34.1375      80.4600      6.53500      2.39684e-05      -3.33059e-07
     22.9950      78.4500      13.8450      2.39684e-05      -3.33059e-07
     13.8325      78.4500      23.0325      2.39684e-05      -3.33059e-07
     6.54000      80.4475      34.1750      2.39684e-05      -3.33059e-07
    0.995000      84.4850      47.4800      2.39684e-05      -3.33059e-07
     128.345      44.1525      76.8900      2.39684e-05      -3.33059e-07
     113.450      40.8500      82.9675      2.39684e-05      -3.33059e-07
     101.095      39.2100      91.0075      2.39684e-05      -3.33059e-07
     90.9800      39.2100      101.130      2.39684e-05      -3.33059e-07
     82.9800      40.8450      113.490      2.39684e-05      -3.33059e-07
     76.9025      44.1425      128.347      2.39684e-05      -3.33059e-07
     133.045      54.5475      62.0000      2.39684e-05      -3.33059e-07
     115.972      49.4875      66.1225      2.39684e-05      -3.33059e-07
     101.615      46.1425      72.0450      2.39684e-05      -3.33059e-07
     89.6375      44.4850      79.8375      2.39684e-05      -3.33059e-07
     79.8250      44.4850      89.6725      2.39684e-05      -3.33059e-07
     72.0375      46.1350      101.657      2.39684e-05      -3.33059e-07
     66.1250      49.4775      116.020      2.39684e-05      -3.33059e-07
     62.0325      54.5425      133.077      2.39684e-05      -3.33059e-07
     122.573      61.7375      53.3025      2.39684e-05      -3.33059e-07
     105.990      56.5900      57.3275      2.39684e-05      -3.33059e-07
     91.9950      53.1950      63.1175      2.39684e-05      -3.33059e-07
     80.3150      51.5050      70.7475      2.39684e-05      -3.33059e-07
     70.7275      51.5050      80.3625      2.39684e-05      -3.33059e-07
     63.1200      53.1800      92.0500      2.39684e-05      -3.33059e-07
     57.3400      56.5825      106.037      2.39684e-05      -3.33059e-07
     53.3250      61.7400      122.595      2.39684e-05      -3.33059e-07
     114.390      70.8225      46.4400      2.39684e-05      -3.33059e-07
     98.1650      65.5625      50.4000      2.39684e-05      -3.33059e-07
     84.4575      62.0900      56.0925      2.39684e-05      -3.33059e-07
     72.9925      60.3625      63.5900      2.39684e-05      -3.33059e-07
     63.5775      60.3650      73.0350      2.39684e-05      -3.33059e-07
     56.1000      62.0725      84.4950      2.39684e-05      -3.33059e-07
     50.4100      65.5550      98.2025      2.39684e-05      -3.33059e-07
     46.4650      70.8250      114.422      2.39684e-05      -3.33059e-07
     108.317      81.9275      41.3200      2.39684e-05      -3.33059e-07
     92.3600      76.5200      45.2500      2.39684e-05      -3.33059e-07
     78.8575      72.9500      50.8650      2.39684e-05      -3.33059e-07
     67.5525      71.1800      58.2650      2.39684e-05      -3.33059e-07
     58.2575      71.1775      67.5850      2.39684e-05      -3.33059e-07
     50.8725      72.9375      78.8900      2.39684e-05      -3.33059e-07
     45.2575      76.5125      92.4000      2.39684e-05      -3.33059e-07
     41.3550      81.9325      108.347      2.39684e-05      -3.33059e-07
     104.278      95.2400      37.9125      2.39684e-05      -3.33059e-07
     88.4900      89.6475      41.7975      2.39684e-05      -3.33059e-07
     75.1150      85.9500      47.3650      2.39684e-05      -3.33059e-07
     63.9025      84.1250      54.7075      2.39684e-05      -3.33059e-07
     54.6950      84.1250      63.9450      2.39684e-05      -3.33059e-07
     47.3800      85.9475      75.1525      2.39684e-05      -3.33059e-07
     41.8000      89.6400      88.5225      2.39684e-05      -3.33059e-07
     37.9350      95.2350      104.305      2.39684e-05      -3.33059e-07
     102.210      111.002      36.1425      2.39684e-05      -3.33059e-07
     86.4850      105.162      40.0075      2.39684e-05      -3.33059e-07
     73.1825      101.315      45.5625      2.39684e-05      -3.33059e-07
     62.0200      99.4075      52.8775      2.39684e-05      -3.33059e-07
     52.8650      99.4075      62.0675      2.39684e-05      -3.33059e-07
     45.5700      101.305      73.2175      2.39684e-05      -3.33059e-07
     40.0225      105.147      86.5200      2.39684e-05      -3.33059e-07
     36.1675      110.993      102.225      2.39684e-05      -3.33059e-07
     86.3450      123.377      39.8600      2.39684e-05      -3.33059e-07
     73.0275      119.335      45.4200      2.39684e-05      -3.33059e-07
     61.8850      117.338      52.7325      2.39684e-05      -3.33059e-07
     52.7175      117.340      61.9200      2.39684e-05      -3.33059e-07
     45.4325      119.340      73.0725      2.39684e-05      -3.33059e-07
     39.8800      123.375      86.3700      2.39684e-05      -3.33059e-07
     167.235      83.0400      115.780      2.39684e-05      -3.33059e-07
     152.340      79.7375      121.860      2.39684e-05      -3.33059e-07
     139.972      78.1000      129.890      2.39684e-05      -3.33059e-07
     129.875      78.1025      140.018      2.39684e-05      -3.33059e-07
     121.873      79.7250      152.377      2.39684e-05      -3.33059e-07
     115.790      83.0375      167.238      2.39684e-05      -3.33059e-07
     171.930      93.4300      100.897      2.39684e-05      -3.33059e-07
     154.870      88.3750      105.010      2.39684e-05      -3.33059e-07
     140.505      85.0325      110.925      2.39684e-05      -3.33059e-07
     128.525      83.3650      118.725      2.39684e-05      -3.33059e-07
     118.707      83.3650      128.558      2.39684e-05      -3.33059e-07
     110.927      85.0300      140.540      2.39684e-05      -3.33059e-07
     105.022      88.3700      154.905      2.39684e-05      -3.33059e-07
     100.918      93.4275      171.960      2.39684e-05      -3.33059e-07
     161.475      100.632      92.1950      2.39684e-05      -3.33059e-07
     144.885      95.4850      96.2200      2.39684e-05      -3.33059e-07
     130.898      92.0825      102.000      2.39684e-05      -3.33059e-07
     119.213      90.3925      109.640      2.39684e-05      -3.33059e-07
     109.623      90.3925      119.245      2.39684e-05      -3.33059e-07
     102.013      92.0750      130.930      2.39684e-05      -3.33059e-07
     96.2325      95.4725      144.920      2.39684e-05      -3.33059e-07
     92.2150      100.630      161.488      2.39684e-05      -3.33059e-07
     153.273      109.713      85.3225      2.39684e-05      -3.33059e-07
     137.055      104.438      89.2875      2.39684e-05      -3.33059e-07
     123.340      100.972      94.9775      2.39684e-05      -3.33059e-07
     111.882      99.2500      102.485      2.39684e-05      -3.33059e-07
     102.470      99.2500      111.915      2.39684e-05      -3.33059e-07
     94.9875      100.963      123.385      2.39684e-05      -3.33059e-07
     89.3000      104.438      137.090      2.39684e-05      -3.33059e-07
     85.3425      109.707      153.295      2.39684e-05      -3.33059e-07
     147.208      120.823      80.2225      2.39684e-05      -3.33059e-07
     131.240      115.415      84.1425      2.39684e-05      -3.33059e-07
     117.743      111.845      89.7550      2.39684e-05      -3.33059e-07
     106.440      110.073      97.1625      2.39684e-05      -3.33059e-07
     97.1475      110.073      106.470      2.39684e-05      -3.33059e-07
     89.7675      111.828      117.780      2.39684e-05      -3.33059e-07
     84.1450      115.397      131.282      2.39684e-05      -3.33059e-07
     80.2375      120.817      147.230      2.39684e-05      -3.33059e-07
     143.170      134.125      76.7975      2.39684e-05      -3.33059e-07
     127.365      128.532      80.6825      2.39684e-05      -3.33059e-07
     113.995      124.845      86.2600      2.39684e-05      -3.33059e-07
     102.797      123.015      93.6000      2.39684e-05      -3.33059e-07
     93.5875      123.013      102.832      2.39684e-05      -3.33059e-07
     86.2625      124.832      114.043      2.39684e-05      -3.33059e-07
     80.6925      128.523      127.415      2.39684e-05      -3.33059e-07
     76.8225      134.137      143.195      2.39684e-05      -3.33059e-07
     141.100      149.885      75.0275      2.39684e-05      -3.33059e-07
     125.373      144.050      78.9050      2.39684e-05      -3.33059e-07
     112.067      140.205      84.4475      2.39684e-05      -3.33059e-07
     100.912      138.298      91.7625      2.39684e-05      -3.33059e-07
     91.7500      138.298      100.953      2.39684e-05      -3.33059e-07
     84.4550      140.192      112.108      2.39684e-05      -3.33059e-07
     78.9050      144.037      125.420      2.39684e-05      -3.33059e-07
     75.0575      149.882      141.113      2.39684e-05      -3.33059e-07
     125.233      162.268      78.7450      2.39684e-05      -3.33059e-07
     111.915      158.232      84.3075      2.39684e-05      -3.33059e-07
     100.763      156.232      91.6150      2.39684e-05      -3.33059e-07
     91.6050      156.230      100.810      2.39684e-05      -3.33059e-07
     84.3225      158.227      111.955      2.39684e-05      -3.33059e-07
     78.7700      162.265      125.252      2.39684e-05      -3.33059e-07
     206.123      121.930      154.667      2.39684e-05      -3.33059e-07
     191.227      118.627      160.745      2.39684e-05      -3.33059e-07
     178.873      116.983      168.782      2.39684e-05      -3.33059e-07
     168.757      116.983      178.905      2.39684e-05      -3.33059e-07
     160.755      118.625      191.260      2.39684e-05      -3.33059e-07
     154.675      121.925      206.125      2.39684e-05      -3.33059e-07
     210.822      132.325      139.787      2.39684e-05      -3.33059e-07
     193.762      127.263      143.898      2.39684e-05      -3.33059e-07
     179.390      123.918      149.808      2.39684e-05      -3.33059e-07
     167.410      122.260      157.613      2.39684e-05      -3.33059e-07
     157.597      122.260      167.450      2.39684e-05      -3.33059e-07
     149.817      123.915      179.430      2.39684e-05      -3.33059e-07
     143.903      127.260      193.800      2.39684e-05      -3.33059e-07
     139.803      132.327      210.850      2.39684e-05      -3.33059e-07
     200.350      139.520      131.075      2.39684e-05      -3.33059e-07
     183.775      134.370      135.110      2.39684e-05      -3.33059e-07
     169.785      130.968      140.898      2.39684e-05      -3.33059e-07
     158.097      129.282      148.528      2.39684e-05      -3.33059e-07
     148.510      129.280      158.130      2.39684e-05      -3.33059e-07
     140.907      130.965      169.817      2.39684e-05      -3.33059e-07
     135.123      134.363      183.812      2.39684e-05      -3.33059e-07
     131.100      139.515      200.380      2.39684e-05      -3.33059e-07
     192.162      148.602      124.218      2.39684e-05      -3.33059e-07
     175.935      143.340      128.185      2.39684e-05      -3.33059e-07
     162.235      139.868      133.873      2.39684e-05      -3.33059e-07
     150.765      138.135      141.375      2.39684e-05      -3.33059e-07
     141.352      138.132      150.805      2.39684e-05      -3.33059e-07
     133.875      139.855      162.273      2.39684e-05      -3.33059e-07
     128.185      143.333      175.980      2.39684e-05      -3.33059e-07
     124.240      148.602      192.185      2.39684e-05      -3.33059e-07
     186.102      159.708      119.108      2.39684e-05      -3.33059e-07
     170.127      154.295      123.020      2.39684e-05      -3.33059e-07
     156.625      150.735      128.640      2.39684e-05      -3.33059e-07
     145.320      148.958      136.042      2.39684e-05      -3.33059e-07
     136.030      148.960      145.368      2.39684e-05      -3.33059e-07
     128.655      150.722      156.675      2.39684e-05      -3.33059e-07
     123.032      154.295      170.175      2.39684e-05      -3.33059e-07
     119.127      159.705      186.123      2.39684e-05      -3.33059e-07
     182.053      173.020      115.683      2.39684e-05      -3.33059e-07
     166.262      167.423      119.573      2.39684e-05      -3.33059e-07
     152.893      163.735      125.150      2.39684e-05      -3.33059e-07
     141.683      161.898      132.495      2.39684e-05      -3.33059e-07
     132.477      161.898      141.730      2.39684e-05      -3.33059e-07
     125.155      163.720      152.933      2.39684e-05      -3.33059e-07
     119.582      167.410      166.303      2.39684e-05      -3.33059e-07
     115.707      173.025      182.088      2.39684e-05      -3.33059e-07
     179.995      188.775      113.920      2.39684e-05      -3.33059e-07
     164.260      182.940      117.795      2.39684e-05      -3.33059e-07
     150.955      179.090      123.338      2.39684e-05      -3.33059e-07
     139.810      177.188      130.648      2.39684e-05      -3.33059e-07
     130.632      177.188      139.838      2.39684e-05      -3.33059e-07
     123.345      179.088      151.002      2.39684e-05      -3.33059e-07
     117.800      182.928      164.305      2.39684e-05      -3.33059e-07
     113.942      188.775      180.000      2.39684e-05      -3.33059e-07
     164.130      201.153      117.632      2.39684e-05      -3.33059e-07
     150.810      197.120      123.200      2.39684e-05      -3.33059e-07
     139.650      195.120      130.515      2.39684e-05      -3.33059e-07
     130.493      195.118      139.702      2.39684e-05      -3.33059e-07
     123.210      197.113      150.847      2.39684e-05      -3.33059e-07
     117.660      201.155      164.150      2.39684e-05      -3.33059e-07
    -32.2300     -32.2500     -32.2250      2.39684e-05      -3.33059e-07
