     639.755    0.0151835      522.028      1      -1.19842e-05      -0.000100166      1.20041e-09
     623.066      43.5302      509.164      0.836533      -0.482964      -0.224098      0.12938
     625.807      42.5083      508.556      0.844254      -0.487583      -0.192657      0.111266
     628.454      41.2920      507.876      0.850959      -0.491238      -0.160989      0.0929353
     630.991      39.9237      507.068      0.856302      -0.494514      -0.129032      0.0745158
     633.402      38.3803      506.194      0.860611      -0.49681      -0.0969352      0.0559583
     635.672      36.6902      505.226      0.863675      -0.498482      -0.064709      0.0373477
     637.793      34.8658      504.157      0.865407      -0.499675      -0.0323387      0.018672
     639.749      32.9071      503.018      0.865963      -0.500107      4.85665e-05      -2.80479e-05
     641.529      30.8171      501.828      0.865458      -0.49958      0.0324218      -0.0187153
     643.125      28.6313      500.551      0.863545      -0.498697      0.0647521      -0.0373943
     644.527      26.3411      499.230      0.86052      -0.49695      0.0970003      -0.0560176
     645.728      23.9607      497.871      0.85641      -0.494303      0.129121      -0.0745259
     646.721      21.5198      496.450      0.85088      -0.491342      0.16105      -0.0929987
     647.499      19.0180      495.007      0.844279      -0.487503      0.192739      -0.111292
     648.061      16.4677      493.539      0.836513      -0.482925      0.224218      -0.129443
     623.056      41.6102      512.240      0.85339      -0.452458      -0.228703      0.121256
     625.807      40.6218      511.569      0.861354      -0.456694      -0.196566      0.10422
     628.455      39.4677      510.786      0.868102      -0.460271      -0.164221      0.0870707
     630.990      38.1538      509.895      0.873632      -0.463204      -0.131666      0.0698099
     633.403      36.6842      508.899      0.877948      -0.465492      -0.0988712      0.052422
     635.673      35.0718      507.806      0.88103      -0.467126      -0.0659873      0.0349868
     637.793      33.3228      506.620      0.882882      -0.468108      -0.0329972      0.0174953
     639.749      31.4467      505.349      0.883498      -0.468435      5.50718e-05      -2.91993e-05
     641.529      29.4564      503.999      0.882879      -0.468106      0.03308      -0.0175392
     643.124      27.3620      502.579      0.881026      -0.467124      0.0660515      -0.0350208
     644.527      25.1723      501.095      0.877937      -0.465486      0.0989695      -0.0524741
     645.728      22.9037      499.557      0.873624      -0.463199      0.131722      -0.0698396
     646.721      20.5661      497.972      0.868085      -0.460263      0.164307      -0.0871162
     647.500      18.1737      496.350      0.861333      -0.456683      0.196659      -0.104269
     648.060      15.7407      494.701      0.853378      -0.452465      0.228724      -0.121271
     623.055      39.4753      515.158      0.869104      -0.421479      -0.232927      0.11296
     625.808      38.5327      514.422      0.877252      -0.425365      -0.200181      0.0970646
     628.455      37.4282      513.571      0.884194      -0.428548      -0.167259      0.0810666
     630.991      36.1787      512.591      0.88985      -0.431237      -0.134087      0.0649809
     633.403      34.7907      511.486      0.894207      -0.433441      -0.100702      0.0488124
     635.674      33.2619      510.278      0.897341      -0.434973      -0.0672033      0.0325758
     637.792      31.6037      508.969      0.899226      -0.435887      -0.0336136      0.0162937
     639.749      29.8240      507.565      0.899854      -0.436191      5.60913e-05      -2.71895e-05
     641.530      27.9351      506.074      0.899222      -0.435885      0.0337151      -0.0163429
     643.125      25.9491      504.507      0.897334      -0.43497      0.0672916      -0.0326186
     644.527      23.8734      502.869      0.89419      -0.433446      0.100802      -0.0488622
     645.728      21.7215      501.171      0.889796      -0.431316      0.134167      -0.0650353
     646.721      19.5040      499.421      0.884154      -0.428581      0.167361      -0.0811258
     647.499      17.2381      497.633      0.877285      -0.425252      0.200268      -0.097077
     648.060      14.9298      495.812      0.869181      -0.421323      0.232939      -0.112914
     623.055      37.1254      517.926      0.883757      -0.389818      -0.236854      0.104474
     625.807      36.2332      517.131      0.892071      -0.393332      -0.203575      0.0897604
     628.454      35.2031      516.191      0.899063      -0.396402      -0.170084      0.074991
     630.990      34.0308      515.120      0.904792      -0.398928      -0.136356      0.0601203
     633.402      32.7209      513.924      0.90926      -0.400898      -0.102415      0.0451552
     635.673      31.2820      512.609      0.912454      -0.402306      -0.0683408      0.0301318
     637.792      29.7223      511.184      0.914371      -0.403151      -0.0341798      0.0150701
     639.750      28.0477      509.654      0.915009      -0.403433      7.41927e-05      -3.2712e-05
     641.530      26.2727      508.033      0.914367      -0.40315      0.0342714      -0.0151105
     643.124      24.4056      506.327      0.912449      -0.402304      0.0684015      -0.0301586
     644.527      22.4521      504.542      0.90925      -0.400894      0.102499      -0.0451926
     645.728      20.4283      502.694      0.904782      -0.398923      0.136426      -0.0601511
     646.721      18.3444      500.790      0.899049      -0.396396      0.170155      -0.0750221
     647.499      16.2118      498.841      0.892061      -0.393315      0.203641      -0.0897864
     648.061      14.0383      496.856      0.88381      -0.389677      0.236902      -0.104451
     623.057      34.5744      520.524      0.897298      -0.357565      -0.240463      0.0958223
     625.806      33.7384      519.671      0.905748      -0.360719      -0.206703      0.0823204
     628.455      32.7944      518.644      0.912767      -0.363742      -0.172664      0.0688076
     630.991      31.6992      517.494      0.9186      -0.366016      -0.138431      0.0551578
     633.402      30.4798      516.205      0.923132      -0.367834      -0.103971      0.0414287
     635.674      29.1392      514.790      0.926374      -0.369126      -0.0693718      0.0276421
     637.793      27.6865      513.257      0.92832      -0.369901      -0.0346954      0.0138248
     639.749      26.1276      511.611      0.928968      -0.37016      5.79061e-05      -2.30735e-05
     641.529      24.4736      509.865      0.928317      -0.3699      0.0347884      -0.0138619
     643.124      22.7335      508.028      0.926368      -0.369124      0.0694569      -0.027676
     644.528      20.9141      506.108      0.92312      -0.36783      0.104069      -0.0414677
     645.729      19.0281      504.117      0.918582      -0.366021      0.138526      -0.0551975
     646.721      17.0876      502.069      0.912763      -0.363703      0.172757      -0.0688372
     647.500      15.1002      499.971      0.905665      -0.360874      0.206767      -0.0823891
     648.060      13.0788      497.837      0.897302      -0.357542      0.240483      -0.0958234
     623.057      31.8563      522.919      0.909599      -0.325005      -0.243753      0.0870942
     625.808      31.0981      521.995      0.918099      -0.328029      -0.209496      0.0748511
     628.454      30.2161      520.917      0.92528      -0.330608      -0.17505      0.0625464
     630.991      29.2023      519.693      0.931213      -0.332627      -0.14032      0.0501219
     633.402      28.0794      518.320      0.935805      -0.33428      -0.105399      0.0376496
     635.673      26.8450      516.813      0.939091      -0.335454      -0.0703418      0.0251269
     637.792      25.5062      515.178      0.941064      -0.336159      -0.0351776      0.0125658
     639.748      24.0709      513.425      0.941722      -0.336393      3.51578e-05      -1.25588e-05
     641.529      22.5462      511.564      0.941061      -0.336157      0.035266      -0.0125974
     643.124      20.9436      509.607      0.939087      -0.335452      0.0703984      -0.0251471
     644.527      19.2675      507.560      0.935795      -0.334276      0.105486      -0.0376806
     645.728      17.5308      505.439      0.931196      -0.332634      0.140403      -0.0501534
     646.721      15.7421      503.255      0.925296      -0.330526      0.175122      -0.0625555
     647.499      13.9112      501.019      0.9181      -0.327955      0.209599      -0.0748711
     648.060      12.0475      498.743      0.909615      -0.324924      0.243804      -0.0870896
     623.057      28.9652      525.118      0.920745      -0.291933      -0.246746      0.078234
     625.808      28.2776      524.141      0.929341      -0.294671      -0.212067      0.0672414
     628.455      27.4781      522.999      0.936604      -0.297024      -0.17718      0.0561887
     630.991      26.5612      521.702      0.94258      -0.298894      -0.142045      0.0450427
     633.401      25.5391      520.253      0.947232      -0.300369      -0.106698      0.0338341
     635.673      24.4183      518.658      0.950549      -0.301459      -0.0711941      0.0225786
     637.794      23.2011      516.929      0.952541      -0.302115      -0.035571      0.011282
     639.749      21.8925      515.080      0.953219      -0.30228      6.53755e-05      -2.07315e-05
     641.530      20.5052      513.115      0.952558      -0.302045      0.0357028      -0.011321
     643.125      19.0446      511.049      0.950572      -0.301366      0.0712778      -0.0225976
     644.527      17.5190      508.890      0.947257      -0.300264      0.106771      -0.0338447
     645.728      15.9398      506.648      0.942597      -0.2988      0.142128      -0.0450541
     646.721      14.3131      504.340      0.936622      -0.296906      0.177279      -0.0561968
     647.499      12.6493      501.979      0.929343      -0.294598      0.212159      -0.0672535
     648.060      10.9549      499.575      0.920755      -0.291876      0.246776      -0.078227
     623.057      25.9176      527.106      0.930705      -0.258426      -0.249416      0.0692543
     625.807      25.3027      526.081      0.939392      -0.26085      -0.214374      0.0595273
     628.458      24.5829      524.885      0.946758      -0.262895      -0.179062      0.0497219
     630.992      23.7646      523.525      0.952787      -0.264569      -0.143564      0.0398649
     633.402      22.8502      522.006      0.957489      -0.265875      -0.107841      0.0299452
     635.674      21.8453      520.336      0.960852      -0.266809      -0.0719597      0.0199817
     637.793      20.7556      518.525      0.962871      -0.267369      -0.0359747      0.00998943
     639.748      19.5877      516.584      0.963542      -0.267556      4.80169e-05      -1.33333e-05
     641.528      18.3482      514.524      0.962867      -0.267368      0.0360588      -0.0100128
     643.124      17.0432      512.356      0.960846      -0.266807      0.0720296      -0.0200011
     644.528      15.6784      510.088      0.957476      -0.265871      0.107949      -0.0299751
     645.729      14.2650      507.739      0.95277      -0.264565      0.143675      -0.0398956
     646.721      12.8099      505.321      0.946734      -0.262889      0.179186      -0.0497563
     647.499      11.3205      502.846      0.939375      -0.260845      0.214449      -0.059548
     648.060      9.80383      500.325      0.930693      -0.258434      0.249447      -0.0692662
     623.058      22.7459      528.861      0.93942      -0.224704      -0.251737      0.0602141
     625.807      22.2138      527.792      0.948168      -0.226892      -0.21637      0.0517765
     628.456      21.5793      526.549      0.955606      -0.228636      -0.180755      0.043247
     630.991      20.8619      525.134      0.96169      -0.230104      -0.144925      0.0346762
     633.401      20.0582      523.553      0.966439      -0.231228      -0.108861      0.0260459
     635.673      19.1733      521.816      0.969843      -0.232005      -0.0726391      0.0173767
     637.793      18.2220      519.929      0.971864      -0.232563      -0.0363168      0.00869045
     639.748      17.1965      517.908      0.972543      -0.232725      4.84654e-05      -1.15976e-05
     641.529      16.1062      515.764      0.971866      -0.232539      0.0364142      -0.00871284
     643.125      14.9612      513.507      0.969823      -0.232062      0.0727212      -0.017401
     644.527      13.7622      511.150      0.966432      -0.231214      0.108946      -0.0260647
     645.728      12.5182      508.708      0.9617      -0.230009      0.145002      -0.03468
     646.721      11.2394      506.188      0.955604      -0.228539      0.180886      -0.0432599
     647.499      9.93294      503.613      0.948178      -0.226763      0.216466      -0.0517691
     648.060      8.60257      500.991      0.939418      -0.224668      0.251778      -0.0602142
     623.057      19.4419      530.390      0.946937      -0.190541      -0.253766      0.0510622
     625.806      18.9810      529.288      0.955775      -0.192331      -0.21812      0.0438924
     628.455      18.4414      528.002      0.963265      -0.193838      -0.182217      0.0366676
     630.992      17.8270      526.537      0.969405      -0.195074      -0.146068      0.0293934
     633.401      17.1413      524.902      0.974187      -0.196036      -0.109734      0.0220819
     635.675      16.3867      523.103      0.977612      -0.196726      -0.0731904      0.0147281
     637.793      15.5697      521.156      0.979664      -0.197139      -0.0366022      0.00736548
     639.749      14.6934      519.066      0.980348      -0.197276      5.49816e-05      -1.1064e-05
     641.530      13.7629      516.848      0.97966      -0.197138      0.0367186      -0.00738891
     643.124      12.7848      514.516      0.977605      -0.196724      0.0732796      -0.0147461
     644.527      11.7614      512.076      0.974178      -0.196035      0.109812      -0.0220976
     645.728      10.7011      509.548      0.969391      -0.195071      0.146162      -0.0294122
     646.721      9.60851      506.944      0.963244      -0.193834      0.182325      -0.0366894
     647.499      8.49184      504.281      0.955761      -0.192328      0.218182      -0.043905
     648.061      7.35312      501.567      0.94692      -0.190549      0.253819      -0.0510761
     623.059      16.0628      531.666      0.953176      -0.156404      -0.255416      0.0419105
     625.809      15.6798      530.534      0.962078      -0.157853      -0.219524      0.0360184
     628.455      15.2356      529.213      0.969608      -0.1591      -0.183417      0.0300963
     630.992      14.7289      527.707      0.975788      -0.160126      -0.147024      0.0241265
     633.401      14.1493      526.032      0.980625      -0.160763      -0.110459      0.0181086
     635.674      13.5258      524.185      0.984073      -0.161316      -0.0736988      0.0120812
     637.792      12.8514      522.183      0.98614      -0.161655      -0.0368626      0.00604278
     639.749      12.1276      520.035      0.986829      -0.161768      6.15128e-05      -1.00836e-05
     641.529      11.3599      517.756      0.986137      -0.161655      0.0369489      -0.00605694
     643.125      10.5518      515.358      0.984066      -0.161315      0.0737893      -0.0120961
     644.527      9.70759      512.852      0.980618      -0.16075      0.110538      -0.0181202
     645.729      8.83176      510.252      0.975795      -0.159959      0.147154      -0.0241225
     646.721      7.93070      507.578      0.969613      -0.158946      0.183524      -0.0300845
     647.500      7.00808      504.839      0.962073      -0.15771      0.219652      -0.036007
     648.060      6.06981      502.054      0.95319      -0.156254      0.255461      -0.041877
     623.057      12.5628      532.707      0.958222      -0.121684      -0.25679      0.0326097
     625.808      12.2731      531.548      0.967161      -0.122914      -0.220691      0.028047
     628.455      11.9255      530.198      0.974733      -0.123888      -0.184386      0.0234354
     630.992      11.5281      528.659      0.980947      -0.124678      -0.147801      0.0187854
     633.402      11.0845      526.943      0.985787      -0.125293      -0.111028      0.0141116
     635.672      10.5973      525.057      0.989247      -0.125733      -0.0741111      0.00941948
     637.793      10.0684      523.010      0.991328      -0.125997      -0.0370441      0.00470828
     639.748      9.50165      520.816      0.992019      -0.126085      4.9436e-05      -6.28329e-06
     641.530      8.89962      518.486      0.991323      -0.125997      0.037162      -0.00472327
     643.124      8.26687      516.037      0.989243      -0.125732      0.0741711      -0.0094271
     644.528      7.60507      513.476      0.985775      -0.125291      0.111133      -0.0141249
     645.728      6.91932      510.822      0.98093      -0.124676      0.147915      -0.0187999
     646.721      6.21321      508.089      0.974715      -0.123886      0.184482      -0.0234476
     647.500      5.49033      505.291      0.967135      -0.122922      0.220801      -0.0280637
     648.060      4.75489      502.444      0.958202      -0.121787      0.256812      -0.0326406
     623.057      9.02586      533.486      0.961983      -0.0870934      -0.257798      0.0233398
     625.809      8.81113      532.309      0.970971      -0.0879071      -0.221553      0.0200584
     628.454      8.56091      530.939      0.97857      -0.0885951      -0.185125      0.0167604
     630.993      8.27542      529.375      0.984812      -0.0891602      -0.148377      0.0134334
     633.404      7.95680      527.630      0.989672      -0.0896003      -0.11144      0.0100893
     635.673      7.60712      525.715      0.993145      -0.0899146      -0.0743906      0.00673498
     637.793      7.22756      523.636      0.995232      -0.0901036      -0.0371962      0.00336757
     639.748      6.82069      521.407      0.995927      -0.0901665      4.34061e-05      -3.92979e-06
     641.530      6.38840      519.039      0.995228      -0.0901032      0.0373084      -0.00337773
     643.125      5.93404      516.550      0.993139      -0.0899141      0.0744696      -0.00674212
     644.527      5.45924      513.950      0.98966      -0.0895991      0.111551      -0.0100993
     645.728      4.96675      511.252      0.984795      -0.0891587      0.148491      -0.0134437
     646.721      4.45961      508.474      0.978553      -0.0885936      0.185215      -0.0167685
     647.500      3.94063      505.632      0.970942      -0.0879046      0.221677      -0.0200696
     648.060      3.41294      502.741      0.96198      -0.0870931      0.257809      -0.0233408
     623.056      5.43853      534.008      0.964495      -0.0523546      -0.258478      0.0140307
     625.807      5.29630      532.821      0.973511      -0.0527153      -0.222154      0.0120295
     628.455      5.13891      531.436      0.981141      -0.0530577      -0.185598      0.0100367
     630.991      4.97648      529.856      0.987387      -0.0534904      -0.148797      0.00806089
     633.403      4.79111      528.091      0.992259      -0.0538259      -0.111751      0.00606201
     635.673      4.57935      526.155      0.995744      -0.0540029      -0.074579      0.0040447
     637.794      4.35067      524.053      0.997837      -0.0541164      -0.0372687      0.00202122
     639.748      4.10582      521.802      0.998533      -0.0541542      4.35197e-05      -2.36024e-06
     641.529      3.84568      519.411      0.997833      -0.0541162      0.0373808      -0.0020273
     643.125      3.57190      516.894      0.995737      -0.0540026      0.0746644      -0.00404933
     644.527      3.28589      514.265      0.992248      -0.0538133      0.111856      -0.00606635
     645.728      2.98942      511.540      0.987371      -0.0535489      0.148879      -0.00807429
     646.721      2.68416      508.734      0.981116      -0.0532096      0.185687      -0.0100705
     647.499      2.37164      505.861      0.973486      -0.0527958      0.222243      -0.0120531
     648.061      2.05337      502.935      0.964485      -0.0523076      0.258527      -0.0140209
     623.057      1.81081      534.270      0.96576      -0.0174322      -0.25881      0.00467157
     625.807      1.76770      533.076      0.974777      -0.0175949      -0.222449      0.00401525
     628.455      1.71738      531.683      0.982413      -0.0177328      -0.185846      0.00335455
     630.993      1.66001      530.094      0.98868      -0.0178459      -0.148953      0.00268864
     633.401      1.59607      528.324      0.993553      -0.0179338      -0.111922      0.00202021
     635.675      1.52567      526.374      0.997046      -0.0179969      -0.0746516      0.00134748
     637.793      1.44943      524.263      0.99914      -0.0180347      -0.0373298      0.000673811
     639.749      1.36765      521.998      0.999837      -0.0180473      6.85727e-05      -1.23775e-06
     641.529      1.28088      519.596      0.999136      -0.0180346      0.037436      -0.000675727
     643.125      1.18952      517.066      0.997038      -0.0179967      0.0747684      -0.00134958
     644.527      1.09413      514.424      0.993546      -0.0179337      0.111989      -0.00202142
     645.728     0.995153      511.684      0.98866      -0.0178455      0.14908      -0.00269093
     646.721     0.893229      508.861      0.982392      -0.0177324      0.185956      -0.00335655
     647.499     0.789062      505.977      0.974761      -0.0175946      0.22252      -0.00401653
     648.060     0.682904      503.037      0.965753      -0.017432      0.258836      -0.00467204
     623.057     -1.81795      534.270      0.96576      0.0174322      -0.25881      -0.00467157
     625.807     -1.77483      533.076      0.974779      0.017595      -0.222443      -0.00401514
     628.455     -1.72451      531.683      0.982413      0.0177328      -0.185846      -0.00335455
     630.991     -1.66719      530.096      0.988675      0.0178458      -0.148985      -0.00268921
     633.402     -1.60317      528.323      0.993555      0.0179339      -0.111903      -0.00201987
     635.673     -1.53285      526.376      0.997044      0.0179969      -0.0746765      -0.00134793
     637.793     -1.45657      524.263      0.99914      0.0180347      -0.0373298      -0.000673811
     639.748     -1.37482      522.000      0.999837      0.0180473      4.98256e-05      8.99362e-07
     641.529     -1.28802      519.596      0.999136      0.0180346      0.037436      0.000675727
     643.125     -1.19666      517.066      0.997038      0.0179967      0.0747684      0.00134958
     644.527     -1.10123      514.423      0.993544      0.0179337      0.112002      0.00202166
     645.729     -1.00227      511.683      0.988659      0.0178455      0.149087      0.00269105
     646.720    -0.900460      508.864      0.982399      0.0177325      0.185922      0.00335594
     647.499    -0.796157      505.975      0.974758      0.0175946      0.222534      0.00401678
     648.061    -0.689954      503.035      0.965745      0.0174319      0.258865      0.00467256
     623.056     -5.43967      534.009      0.964498      0.0522968      -0.258479      -0.0140152
     625.807     -5.31048      532.821      0.973506      0.0527852      -0.222159      -0.0120459
     628.454     -5.15976      531.435      0.98113      0.0531986      -0.185616      -0.0100644
     630.991     -4.98798      529.856      0.987385      0.0535378      -0.148791      -0.00806768
     633.403     -4.79613      528.092      0.99226      0.0538021      -0.111751      -0.00605933
     635.673     -4.58555      526.155      0.995743      0.0539909      -0.0745915      -0.00404448
     637.793     -4.35700      524.054      0.997837      0.0541044      -0.0372936      -0.00202212
     639.749     -4.11192      521.801      0.998533      0.0541422      6.22424e-05      3.37489e-06
     641.528     -3.85211      519.412      0.997834      0.0541043      0.037362      0.00202583
     643.125     -3.57825      516.894      0.995738      0.0539906      0.0746645      0.00404844
     644.527     -3.29245      514.266      0.992251      0.0538016      0.111836      0.00606396
     645.728     -2.99595      511.540      0.987373      0.0535371      0.148873      0.00807214
     646.721     -2.69041      508.731      0.98111      0.0531975      0.185721      0.0100701
     647.499     -2.37850      505.863      0.973493      0.0527845      0.222216      0.0120489
     648.060     -2.06031      502.938      0.964493      0.0522965      0.258498      0.0140162
     623.057     -9.03892      533.485      0.961977      0.087151      -0.257796      -0.0233552
     625.806     -8.82195      532.310      0.97096      0.0879414      -0.221585      -0.0200693
     628.454     -8.56917      530.939      0.978569      0.0886068      -0.185125      -0.0167626
     630.991     -8.28379      529.376      0.984808      0.0891718      -0.148396      -0.0134368
     633.403     -7.96515      527.631      0.989669      0.0896119      -0.111459      -0.0100923
     635.673     -7.61519      525.714      0.993144      0.0899266      -0.0743843      -0.00673531
     637.794     -7.23545      523.634      0.995231      0.0901156      -0.0371776      -0.00336633
     639.748     -6.82872      521.407      0.995926      0.0901785      4.34061e-05      3.93031e-06
     641.529     -6.39652      519.040      0.995227      0.0901152      0.0372958      0.00337704
     643.124     -5.94203      516.551      0.993138      0.089926      0.0744631      0.00674244
     644.527     -5.46701      513.949      0.989658      0.0896109      0.111557      0.0101012
     645.729     -4.97427      511.250      0.984791      0.0891702      0.14851      0.0134472
     646.721     -4.46743      508.475      0.978553      0.0886054      0.185209      0.0167701
     647.499     -3.94878      505.634      0.970949      0.0879169      0.221642      0.0200691
     648.060     -3.42041      502.740      0.961977      0.0871045      0.257816      0.0233445
     623.055     -12.5654      532.709      0.958222      0.121638      -0.256811      -0.0325999
     625.808     -12.2917      531.545      0.967145      0.12303      -0.220694      -0.0280743
     628.456     -11.9271      530.199      0.974742      0.12383      -0.184381      -0.0234235
     630.991     -11.5311      528.661      0.98095      0.12463      -0.147821      -0.0187807
     633.401     -11.0877      526.944      0.985791      0.125245      -0.111041      -0.0141079
     635.674     -10.6002      525.057      0.989255      0.125686      -0.0740869      -0.00941279
     637.793     -10.0717      523.010      0.991334      0.12595      -0.0370382      -0.00470572
     639.748     -9.50526      520.817      0.992025      0.126038      4.94363e-05      6.28092e-06
     641.529     -8.90367      518.488      0.99133      0.125949      0.0371498      0.0047199
     643.124     -8.27116      516.039      0.98925      0.125685      0.0741589      0.00942194
     644.527     -7.60974      513.478      0.985783      0.125244      0.111114      0.0141171
     645.728     -6.92414      510.823      0.980938      0.124629      0.147903      0.0187911
     646.721     -6.21804      508.089      0.974721      0.123839      0.184483      0.0234387
     647.499     -5.49557      505.292      0.967142      0.122876      0.220795      0.0280522
     648.060     -4.76026      502.445      0.958207      0.121741      0.256813      0.0326283
     623.057     -16.0565      531.671      0.953193      0.156266      -0.255442      -0.041877
     625.808     -15.6760      530.538      0.962094      0.157737      -0.219541      -0.0359942
     628.456     -15.2306      529.217      0.969631      0.158973      -0.183408      -0.0300701
     630.990     -14.7239      527.713      0.975806      0.159985      -0.147058      -0.0241105
     633.402     -14.1573      526.032      0.980624      0.160775      -0.110453      -0.018109
     635.674     -13.5348      524.184      0.98407      0.16134      -0.0736923      -0.012082
     637.792     -12.8604      522.183      0.986136      0.161679      -0.0368624      -0.00604366
     639.749     -12.1364      520.034      0.986825      0.161792      6.76803e-05      1.10963e-05
     641.529     -11.3685      517.755      0.986133      0.161678      0.036955      0.00605884
     643.124     -10.5606      515.357      0.984063      0.161339      0.0737827      0.0120968
     644.527     -9.71626      512.852      0.980615      0.160774      0.110531      0.0181218
     645.729     -8.83999      510.251      0.975791      0.159983      0.14716      0.0241271
     646.721     -7.93896      507.577      0.96961      0.158969      0.183523      0.0300889
     647.499     -7.01693      504.841      0.962075      0.157734      0.219624      0.0360077
     648.060     -6.07724      502.052      0.95318      0.156276      0.255481      0.0418866
     623.057     -19.4445      530.392      0.946948      0.190496      -0.253761      -0.0510488
     625.807     -18.9902      529.287      0.955772      0.192354      -0.218112      -0.0438963
     628.456     -18.4506      528.001      0.963261      0.193862      -0.18221      -0.0366707
     630.992     -17.8360      526.536      0.969401      0.195097      -0.146062      -0.0293957
     633.402     -17.1501      524.901      0.974184      0.19606      -0.109721      -0.022082
     635.673     -16.3965      523.104      0.977605      0.196748      -0.0732266      -0.0147373
     637.793     -15.5789      521.156      0.979659      0.197162      -0.0366142      -0.00736881
     639.749     -14.7022      519.066      0.980343      0.1973      5.49813e-05      1.10653e-05
     641.530     -13.7714      516.847      0.979655      0.197161      0.0367246      0.00739104
     643.124     -12.7929      514.514      0.977599      0.196747      0.0732981      0.0147516
     644.527     -11.7697      512.075      0.974173      0.196058      0.109818      0.0221015
     645.729     -10.7089      509.547      0.969383      0.195094      0.14618      0.0294196
     646.721     -9.61695      506.944      0.963241      0.193858      0.182317      0.0366924
     647.499     -8.49952      504.280      0.955753      0.192351      0.218195      0.043913
     648.061     -7.36133      501.567      0.946918      0.190572      0.25381      0.0510808
     623.056     -22.7469      528.865      0.939431      0.224635      -0.251761      -0.0602007
     625.807     -22.2063      527.799      0.948206      0.226733      -0.216379      -0.0517402
     628.455     -21.5756      526.556      0.955633      0.228509      -0.180779      -0.0432276
     630.992     -20.8567      525.139      0.961726      0.229966      -0.144905      -0.0346494
     633.403     -20.0542      523.556      0.966473      0.231101      -0.108834      -0.0260243
     635.673     -19.1733      521.820      0.969865      0.231912      -0.0726468      -0.0173712
     637.793     -18.2171      519.935      0.971903      0.2324      -0.0363183      -0.00868436
     639.749     -17.1919      517.914      0.972582      0.232562      6.06247e-05      1.44965e-05
     641.530     -16.1034      515.768      0.971899      0.232399      0.03644      0.00871347
     643.125     -14.9589      513.511      0.969858      0.231911      0.0727302      0.0173911
     644.528     -13.7626      511.153      0.966459      0.231098      0.108955      0.0260531
     645.728     -12.5228      508.708      0.96171      0.229962      0.14501      0.0346746
     646.721     -11.2459      506.191      0.955617      0.228505      0.180861      0.0432471
     647.499     -9.93918      503.615      0.948189      0.226729      0.216454      0.0517581
     648.060     -8.60849      500.992      0.939426      0.224634      0.25178      0.0602051
     623.057     -25.9155      527.111      0.930733      0.258325      -0.249423      -0.0692274
     625.808     -25.3176      526.076      0.939371      0.260941      -0.21435      -0.0595426
     628.456     -24.5955      524.883      0.946738      0.262951      -0.179084      -0.0497394
     630.991     -23.7720      523.526      0.952785      0.264569      -0.143577      -0.0398683
     633.403     -22.8570      522.005      0.95749      0.265875      -0.107829      -0.0299418
     635.673     -21.8528      520.336      0.960851      0.266808      -0.0719717      -0.019985
     637.792     -20.7633      518.526      0.96287      0.267369      -0.0359927      -0.00999443
     639.748     -19.5951      516.585      0.963542      0.267556      4.19947e-05      1.16611e-05
     641.529     -18.3549      514.524      0.962867      0.267368      0.036071      0.0100162
     643.125     -17.0496      512.355      0.960845      0.266807      0.0720481      0.0200063
     644.527     -15.6861      510.089      0.957478      0.265872      0.107936      0.0299716
     645.728     -14.2724      507.739      0.952771      0.264565      0.143669      0.0398938
     646.721     -12.8162      505.319      0.946731      0.262888      0.179206      0.0497618
     647.499     -11.3280      502.846      0.939377      0.260845      0.214442      0.0595462
     648.060     -9.81188      500.327      0.930699      0.258436      0.249426      0.0692604
     623.057     -28.9703      525.119      0.920753      0.291912      -0.246742      -0.078226
     625.808     -28.2818      524.143      0.929352      0.294638      -0.21207      -0.0672338
     628.455     -27.4851      522.999      0.936605      0.297024      -0.177174      -0.0561867
     630.990     -26.5676      521.703      0.942583      0.298882      -0.142051      -0.0450429
     633.402     -25.5467      520.252      0.94723      0.300381      -0.106686      -0.0338316
     635.674     -24.4178      518.663      0.950582      0.301356      -0.0711906      -0.022569
     637.792     -23.1994      516.938      0.952586      0.301966      -0.0356142      -0.0112896
     639.748     -21.8929      515.086      0.953255      0.302166      4.75042e-05      1.5058e-05
     641.529     -20.5070      513.119      0.952587      0.301954      0.0356979      0.0113156
     643.124     -19.0499      511.052      0.950588      0.30132      0.0712606      0.0225884
     644.528     -17.5245      508.888      0.947253      0.300263      0.106808      0.0338565
     645.729     -15.9450      506.646      0.942595      0.298787      0.14216      0.0450624
     646.721     -14.3191      504.339      0.936623      0.296894      0.177293      0.0561988
     647.500     -12.6544      501.977      0.929338      0.294585      0.212193      0.0672616
     648.061     -10.9603      499.574      0.920752      0.291863      0.246804      0.0782328
     623.057     -31.8448      522.934      0.909677      0.324787      -0.243774      -0.0870358
     625.806     -31.1076      521.995      0.918085      0.328049      -0.209518      -0.0748649
     628.455     -30.2052      520.931      0.925362      0.330387      -0.175053      -0.0625001
     630.991     -29.2087      519.694      0.931216      0.332615      -0.140326      -0.0501223
     633.402     -28.0842      518.323      0.935816      0.334246      -0.105406      -0.0376479
     635.672     -26.8502      516.815      0.939102      0.33542      -0.0703544      -0.0251285
     637.795     -25.5091      515.177      0.941078      0.336125      -0.0351253      -0.0125457
     639.748     -24.0757      513.427      0.941734      0.336359      4.10442e-05      1.46598e-05
     641.529     -22.5516      511.566      0.941073      0.336124      0.0352605      0.012594
     643.125     -20.9481      509.607      0.939097      0.335418      0.0704173      0.025151
     644.527     -19.2730      507.561      0.935807      0.334243      0.105487      0.0376768
     645.728     -17.5357      505.440      0.931206      0.332599      0.140417      0.0501528
     646.721     -15.7465      503.254      0.925303      0.330491      0.17515      0.0625584
     647.499     -13.9175      501.021      0.918113      0.327923      0.209595      0.0748612
     648.061     -12.0524      498.743      0.909621      0.32489      0.243828      0.0870882
     623.058     -34.5734      520.531      0.897339      0.35747      -0.240461      -0.0957914
     625.807     -33.7616      519.655      0.905667      0.360925      -0.206678      -0.0823651
     628.457     -32.8026      518.641      0.912762      0.363765      -0.172645      -0.0688046
     630.991     -31.7055      517.495      0.918605      0.366005      -0.138432      -0.0551562
     633.402     -30.4861      516.206      0.923136      0.367823      -0.103972      -0.0414275
     635.673     -29.1463      514.792      0.926377      0.369114      -0.0693895      -0.0276482
     637.793     -27.6929      513.257      0.928324      0.36989      -0.0346956      -0.0138244
     639.749     -26.1338      511.612      0.928973      0.370149      6.37125e-05      2.53862e-05
     641.530     -24.4799      509.866      0.928321      0.369889      0.0347944      0.0138638
     643.124     -22.7401      508.029      0.926372      0.369112      0.0694572      0.0276752
     644.527     -20.9213      506.109      0.923126      0.367819      0.104058      0.0414617
     645.728     -19.0358      504.119      0.918589      0.366011      0.138508      0.0551885
     646.721     -17.0932      502.068      0.912764      0.36369      0.172776      0.0688427
     647.499     -15.1074      499.972      0.905671      0.360864      0.206761      0.082384
     648.060     -13.0856      497.837      0.897306      0.357531      0.240484      0.0958206
     623.057     -37.1141      517.945      0.883867      0.389588      -0.236857      -0.104401
     625.807     -36.2306      517.141      0.892129      0.393204      -0.203582      -0.0897285
     628.455     -35.2124      516.189      0.899049      0.396435      -0.170075      -0.0749945
     630.990     -34.0401      515.118      0.904778      0.398961      -0.136354      -0.0601252
     633.402     -32.7299      513.921      0.909246      0.400931      -0.102407      -0.0451564
     635.673     -31.2912      512.607      0.912439      0.402339      -0.0683397      -0.0301343
     637.793     -29.7311      511.182      0.914356      0.403184      -0.0341735      -0.0150688
     639.749     -28.0575      509.653      0.914995      0.403466      5.70351e-05      2.51496e-05
     641.529     -26.2825      508.032      0.914353      0.403183      0.0342535      0.0151041
     643.124     -24.4137      506.325      0.912434      0.402336      0.0684121      0.0301662
     644.536     -22.4577      504.540      0.909252      0.400868      0.102572      0.0452215
     645.735     -20.4378      502.693      0.904785      0.398912      0.136439      0.0601548
     646.727     -18.3539      500.789      0.899052      0.396384      0.170168      0.0750256
     647.506     -16.2209      498.841      0.892061      0.393302      0.203661      0.0897924
     648.066     -14.0513      496.859      0.883825      0.389671      0.236864      0.104431
     623.060     -39.4793      515.164      0.869152      0.421399      -0.232907      -0.112923
     625.809     -38.5327      514.435      0.877327      0.425207      -0.200204      -0.0970314
     628.457     -37.4511      513.556      0.884106      0.428728      -0.167248      -0.0811035
     630.992     -36.1934      512.590      0.889846      0.431248      -0.134081      -0.0649797
     633.402     -34.8054      511.486      0.894205      0.43344      -0.100713      -0.0488179
     635.674     -33.2746      510.279      0.897352      0.434952      -0.0671984      -0.0325715
     637.792     -31.6170      508.971      0.899236      0.435865      -0.0336196      -0.0162956
     639.748     -29.8384      507.567      0.899864      0.43617      3.35952e-05      1.62838e-05
     641.530     -27.9487      506.076      0.899233      0.435864      0.0337098      0.0163394
     643.124     -25.9631      504.509      0.897346      0.434949      0.0672808      0.0326114
     644.528     -23.8860      502.870      0.894199      0.433424      0.100815      0.0488654
     645.728     -21.7369      501.171      0.889792      0.431327      0.134154      0.0650312
     646.720     -19.5203      499.423      0.884159      0.428584      0.16733      0.0811109
     647.499     -17.2515      497.633      0.877283      0.42525      0.200281      0.0970832
     648.060     -14.9427      495.811      0.869176      0.421321      0.232959      0.112923
     623.055     -41.6243      512.241      0.85339      0.452445      -0.228722      -0.121262
     625.808     -40.6342      511.570      0.861369      0.456675      -0.196551      -0.104206
     628.455     -39.4807      510.788      0.868113      0.460251      -0.164223      -0.0870667
     630.991     -38.1658      509.897      0.873647      0.463185      -0.131645      -0.0697949
     633.401     -36.6983      508.902      0.877957      0.46547      -0.0988945      -0.0524313
     635.673     -35.0855      507.808      0.881041      0.467105      -0.0659991      -0.034991
     637.794     -33.3348      506.621      0.882894      0.468087      -0.0329756      -0.0174828
     639.750     -31.4589      505.349      0.883509      0.468414      7.16385e-05      3.79809e-05
     641.529     -29.4693      504.000      0.88289      0.468085      0.033086      0.0175413
     643.125     -27.3743      502.580      0.881036      0.467102      0.0660693      0.0350282
     644.527     -25.1861      501.096      0.877949      0.465466      0.098965      0.0524687
     645.728     -22.9168      499.558      0.873634      0.463178      0.13173      0.0698396
     646.720     -20.5810      497.974      0.8681      0.460244      0.164291      0.0871027
     647.499     -18.1897      496.353      0.861351      0.456666      0.19663      0.104248
     648.060     -15.7550      494.702      0.853391      0.452445      0.228721      0.121262
     623.055     -43.5514      509.165      0.836502      0.482959      -0.224189      -0.129437
     625.808     -42.5159      508.567      0.84432      0.487473      -0.192666      -0.111237
     628.454     -41.3093      507.871      0.850928      0.491288      -0.160989      -0.0929481
     630.992     -39.9327      507.076      0.856357      0.494422      -0.129034      -0.0744988
     633.402     -38.3969      506.189      0.860582      0.496862      -0.0969264      -0.055961
     635.674     -36.7088      505.215      0.863605      0.498607      -0.0646713      -0.0373384
     637.793     -34.8791      504.158      0.865419      0.499655      -0.0323391      -0.0186712
     639.750     -32.9154      503.025      0.866023      0.500003      7.02207e-05      4.05423e-05
     641.530     -30.8333      501.823      0.865416      0.499653      0.0324366      0.0187275
     643.126     -28.6409      500.557      0.863598      0.498603      0.0647728      0.0373969
     644.527     -26.3521      499.235      0.860573      0.496857      0.0970064      0.0560072
     645.729     -23.9769      497.864      0.856342      0.494414      0.129134      0.0745562
     646.721     -21.5318      496.452      0.850914      0.49128      0.161063      0.0929905
     647.499     -19.0312      495.009      0.844302      0.487463      0.192745      0.111282
     648.060     -16.4831      493.538      0.836497      0.482956      0.224207      0.129447
     639.748   -0.0125258      522.025      1      2.39684e-05      3.73336e-05      8.94828e-10
