  -0.0175000  -0.00500000  -0.00750000      -2.39684e-05      -0.000200331
 -0.00250000  -0.00500000  -0.00750000      -1.04718      -0.523486
 -0.00250000  -0.00500000  -0.00500000      -1.04747      -0.448713
 -0.00250000  -0.00500000  -0.00500000      -1.04709      -0.373952
 -0.00250000  -0.00500000  -0.00500000      -1.04742      -0.299119
 -0.00250000  -0.00500000  -0.00500000      -1.04709      -0.224325
 -0.00250000  -0.00500000  -0.00500000      -1.04692      -0.149566
 -0.00250000  -0.00500000  -0.00500000      -1.04725      -0.0747016
 -0.00250000  -0.00500000  -0.00500000      -1.04745      0.000112167
 -0.00250000  -0.00500000  -0.00500000      -1.04704      0.0748891
 -0.00250000  -0.00500000  -0.00500000      -1.04742      0.149688
 -0.00250000  -0.00500000  -0.00500000      -1.04742      0.224498
 -0.00250000  -0.00500000  -0.00500000      -1.04694      0.299285
 -0.00250000  -0.00500000  -0.00500000      -1.04735      0.374124
 -0.00250000  -0.00500000  -0.00500000      -1.0473      0.448885
 -0.00250000  -0.00500000  -0.00500000      -1.04713      0.523765
 -0.00250000  -0.00500000  -0.00500000      -0.975013      -0.523681
 -0.00250000  -0.00500000  -0.00500000      -0.975037      -0.448726
 -0.00250000  -0.00500000  -0.00500000      -0.975037      -0.373926
 -0.00250000  -0.00500000  -0.00500000      -0.975037      -0.299171
 -0.00250000  -0.00500000  -0.00500000      -0.975037      -0.224287
 -0.00250000  -0.00500000  -0.00500000      -0.975037      -0.149517
 -0.00250000  -0.00500000  -0.00500000      -0.975037      -0.0747141
 -0.00250000  -0.00500000  -0.00500000      -0.975037      0.000124668
 -0.00250000  -0.00500000  -0.00500000      -0.975037      0.0749017
 -0.00250000  -0.00500000  -0.00500000      -0.975037      0.149662
 -0.00250000  -0.00500000  -0.00500000      -0.975037      0.224511
 -0.00250000  -0.00500000  -0.00500000      -0.975037      0.299299
 -0.00250000  -0.00500000  -0.00500000      -0.975037      0.374124
 -0.00250000  -0.00500000  -0.00500000      -0.975037      0.448943
 -0.00250000  -0.00500000  -0.00500000      -0.975037      0.523735
 -0.00250000  -0.00500000  -0.00500000      -0.903083      -0.523708
 -0.00250000  -0.00500000  -0.00500000      -0.902963      -0.448699
 -0.00250000  -0.00500000  -0.00500000      -0.902628      -0.373913
 -0.00250000  -0.00500000  -0.00500000      -0.902532      -0.299119
 -0.00250000  -0.00500000  -0.00500000      -0.9027      -0.224287
 -0.00250000  -0.00500000  -0.00500000      -0.902724      -0.149504
 -0.00250000  -0.00500000  -0.00500000      -0.902724      -0.0747265
 -0.00250000  -0.00500000  -0.00500000      -0.902724      0.000124668
 -0.00250000  -0.00500000  -0.00500000      -0.902724      0.0749521
 -0.00250000  -0.00500000  -0.00500000      -0.902724      0.149701
 -0.00250000  -0.00500000  -0.00500000      -0.902724      0.224511
 -0.00250000  -0.00500000  -0.00500000      -0.902724      0.299312
 -0.00250000  -0.00500000  -0.00500000      -0.902724      0.374152
 -0.00250000  -0.00500000  -0.00500000      -0.902724      0.448871
 -0.00250000  -0.00500000  -0.00500000      -0.902724      0.52369
 -0.00250000  -0.00500000  -0.00500000      -0.830842      -0.523708
 -0.00250000  -0.00500000  -0.00500000      -0.830555      -0.448726
 -0.00250000  -0.00500000  -0.00500000      -0.830531      -0.373939
 -0.00250000  -0.00500000  -0.00500000      -0.830531      -0.299158
 -0.00250000  -0.00500000  -0.00500000      -0.830531      -0.224325
 -0.00250000  -0.00500000  -0.00500000      -0.830531      -0.149517
 -0.00250000  -0.00500000  -0.00500000      -0.830531      -0.0747265
 -0.00250000  -0.00500000  -0.00500000      -0.830531      0.000162168
 -0.00250000  -0.00500000  -0.00500000      -0.830531      0.0749269
 -0.00250000  -0.00500000  -0.00500000      -0.830531      0.14965
 -0.00250000  -0.00500000  -0.00500000      -0.830531      0.224511
 -0.00250000  -0.00500000  -0.00500000      -0.830531      0.299312
 -0.00250000  -0.00500000  -0.00500000      -0.830531      0.374096
 -0.00250000  -0.00500000  -0.00500000      -0.830531      0.448871
 -0.00250000  -0.00500000  -0.00500000      -0.830531      0.52378
 -0.00250000  -0.00500000  -0.00500000      -0.75841      -0.523667
 -0.00250000  -0.00500000  -0.00500000      -0.758002      -0.44874
 -0.00250000  -0.00500000  -0.00500000      -0.758434      -0.373913
 -0.00250000  -0.00500000  -0.00500000      -0.758338      -0.299145
 -0.00250000  -0.00500000  -0.00500000      -0.758362      -0.224313
 -0.00250000  -0.00500000  -0.00500000      -0.758362      -0.149492
 -0.00250000  -0.00500000  -0.00500000      -0.758362      -0.0747141
 -0.00250000  -0.00500000  -0.00500000      -0.758362      0.000124668
 -0.00250000  -0.00500000  -0.00500000      -0.758362      0.0749143
 -0.00250000  -0.00500000  -0.00500000      -0.758362      0.149675
 -0.00250000  -0.00500000  -0.00500000      -0.758362      0.224524
 -0.00250000  -0.00500000  -0.00500000      -0.758362      0.299353
 -0.00250000  -0.00500000  -0.00500000      -0.758362      0.37411
 -0.00250000  -0.00500000  -0.00500000      -0.758362      0.448914
 -0.00250000  -0.00500000  -0.00500000      -0.758362      0.523705
 -0.00250000  -0.00500000  -0.00500000      -0.686337      -0.523653
 -0.00250000  -0.00500000  -0.00500000      -0.686313      -0.448686
 -0.00250000  -0.00500000  -0.00500000      -0.686337      -0.373952
 -0.00250000  -0.00500000  -0.00500000      -0.686145      -0.299119
 -0.00250000  -0.00500000  -0.00500000      -0.686169      -0.224313
 -0.00250000  -0.00500000  -0.00500000      -0.686169      -0.149529
 -0.00250000  -0.00500000  -0.00500000      -0.686169      -0.0747265
 -0.00250000  -0.00500000  -0.00500000      -0.686169      7.46672e-05
 -0.00250000  -0.00500000  -0.00500000      -0.686169      0.0749143
 -0.00250000  -0.00500000  -0.00500000      -0.686169      0.14965
 -0.00250000  -0.00500000  -0.00500000      -0.686169      0.224498
 -0.00250000  -0.00500000  -0.00500000      -0.686169      0.299299
 -0.00250000  -0.00500000  -0.00500000      -0.686169      0.374096
 -0.00250000  -0.00500000  -0.00500000      -0.686169      0.4489
 -0.00250000  -0.00500000  -0.00500000      -0.686169      0.52375
 -0.00250000  -0.00500000  -0.00500000      -0.614072      -0.523667
 -0.00250000  -0.00500000  -0.00500000      -0.614096      -0.448699
 -0.00250000  -0.00500000  -0.00500000      -0.614192      -0.373926
 -0.00250000  -0.00500000  -0.00500000      -0.614144      -0.299145
 -0.00250000  -0.00500000  -0.00500000      -0.614144      -0.224338
 -0.00250000  -0.00500000  -0.00500000      -0.614215      -0.149517
 -0.00250000  -0.00500000  -0.00500000      -0.614263      -0.0746518
 -0.00250000  -0.00500000  -0.00500000      -0.614168      0.000137168
 -0.00250000  -0.00500000  -0.00500000      -0.61412      0.0749269
 -0.00250000  -0.00500000  -0.00500000      -0.614024      0.149688
 -0.00250000  -0.00500000  -0.00500000      -0.613928      0.224485
 -0.00250000  -0.00500000  -0.00500000      -0.613952      0.299312
 -0.00250000  -0.00500000  -0.00500000      -0.613952      0.374124
 -0.00250000  -0.00500000  -0.00500000      -0.613952      0.448885
 -0.00250000  -0.00500000  -0.00500000      -0.613952      0.52372
 -0.00250000  -0.00500000  -0.00500000      -0.541687      -0.523667
 -0.00250000  -0.00500000  -0.00500000      -0.541711      -0.448726
 -0.00250000  -0.00500000  -0.00500000      -0.541711      -0.373848
 -0.00250000  -0.00500000  -0.00500000      -0.541711      -0.299107
 -0.00250000  -0.00500000  -0.00500000      -0.541711      -0.224313
 -0.00250000  -0.00500000  -0.00500000      -0.541711      -0.149504
 -0.00250000  -0.00500000  -0.00500000      -0.541711      -0.0746891
 -0.00250000  -0.00500000  -0.00500000      -0.541711      9.96674e-05
 -0.00250000  -0.00500000  -0.00500000      -0.541711      0.0748638
 -0.00250000  -0.00500000  -0.00500000      -0.541711      0.14965
 -0.00250000  -0.00500000  -0.00500000      -0.541711      0.224538
 -0.00250000  -0.00500000  -0.00500000      -0.541711      0.299339
 -0.00250000  -0.00500000  -0.00500000      -0.541711      0.37411
 -0.00250000  -0.00500000  -0.00500000      -0.541711      0.448885
 -0.00250000  -0.00500000  -0.00500000      -0.541711      0.523735
 -0.00250000  -0.00500000  -0.00500000      -0.469566      -0.523639
 -0.00250000  -0.00500000  -0.00500000      -0.469758      -0.448713
 -0.00250000  -0.00500000  -0.00500000      -0.469686      -0.373887
 -0.00250000  -0.00500000  -0.00500000      -0.46971      -0.299145
 -0.00250000  -0.00500000  -0.00500000      -0.469686      -0.224338
 -0.00250000  -0.00500000  -0.00500000      -0.469614      -0.149517
 -0.00250000  -0.00500000  -0.00500000      -0.469758      -0.0747016
 -0.00250000  -0.00500000  -0.00500000      -0.469758      9.96674e-05
 -0.00250000  -0.00500000  -0.00500000      -0.46971      0.0749017
 -0.00250000  -0.00500000  -0.00500000      -0.469734      0.149688
 -0.00250000  -0.00500000  -0.00500000      -0.469662      0.224511
 -0.00250000  -0.00500000  -0.00500000      -0.469518      0.299299
 -0.00250000  -0.00500000  -0.00500000      -0.469494      0.374152
 -0.00250000  -0.00500000  -0.00500000      -0.469494      0.4489
 -0.00250000  -0.00500000  -0.00500000      -0.469494      0.52372
 -0.00250000  -0.00500000  -0.00500000      -0.397133      -0.523667
 -0.00250000  -0.00500000  -0.00500000      -0.397157      -0.44874
 -0.00250000  -0.00500000  -0.00500000      -0.397157      -0.373913
 -0.00250000  -0.00500000  -0.00500000      -0.397157      -0.299107
 -0.00250000  -0.00500000  -0.00500000      -0.397157      -0.224338
 -0.00250000  -0.00500000  -0.00500000      -0.397157      -0.149454
 -0.00250000  -0.00500000  -0.00500000      -0.397157      -0.0746891
 -0.00250000  -0.00500000  -0.00500000      -0.397157      0.000112167
 -0.00250000  -0.00500000  -0.00500000      -0.397157      0.0749269
 -0.00250000  -0.00500000  -0.00500000      -0.397157      0.149637
 -0.00250000  -0.00500000  -0.00500000      -0.397157      0.224498
 -0.00250000  -0.00500000  -0.00500000      -0.397157      0.299299
 -0.00250000  -0.00500000  -0.00500000      -0.397157      0.374138
 -0.00250000  -0.00500000  -0.00500000      -0.397157      0.448871
 -0.00250000  -0.00500000  -0.00500000      -0.397157      0.52378
 -0.00250000  -0.00500000  -0.00500000      -0.325276      -0.523625
 -0.00250000  -0.00500000  -0.00500000      -0.325252      -0.448673
 -0.00250000  -0.00500000  -0.00500000      -0.325276      -0.373913
 -0.00250000  -0.00500000  -0.00500000      -0.3253      -0.299094
 -0.00250000  -0.00500000  -0.00500000      -0.324988      -0.224338
 -0.00250000  -0.00500000  -0.00500000      -0.324964      -0.149504
 -0.00250000  -0.00500000  -0.00500000      -0.324964      -0.0747265
 -0.00250000  -0.00500000  -0.00500000      -0.324964      0.000124668
 -0.00250000  -0.00500000  -0.00500000      -0.324964      0.0749017
 -0.00250000  -0.00500000  -0.00500000      -0.324964      0.149688
 -0.00250000  -0.00500000  -0.00500000      -0.324964      0.224498
 -0.00250000  -0.00500000  -0.00500000      -0.324964      0.299353
 -0.00250000  -0.00500000  -0.00500000      -0.324964      0.374124
 -0.00250000  -0.00500000  -0.00500000      -0.324964      0.448928
 -0.00250000  -0.00500000  -0.00500000      -0.324964      0.523705
 -0.00250000  -0.00500000  -0.00500000      -0.252627      -0.523667
 -0.00250000  -0.00500000  -0.00500000      -0.252819      -0.448686
 -0.00250000  -0.00500000  -0.00500000      -0.252843      -0.373913
 -0.00250000  -0.00500000  -0.00500000      -0.252843      -0.299094
 -0.00250000  -0.00500000  -0.00500000      -0.252843      -0.224313
 -0.00250000  -0.00500000  -0.00500000      -0.252843      -0.149554
 -0.00250000  -0.00500000  -0.00500000      -0.252843      -0.0747016
 -0.00250000  -0.00500000  -0.00500000      -0.252843      9.96674e-05
 -0.00250000  -0.00500000  -0.00500000      -0.252843      0.0749395
 -0.00250000  -0.00500000  -0.00500000      -0.252843      0.149675
 -0.00250000  -0.00500000  -0.00500000      -0.252843      0.224524
 -0.00250000  -0.00500000  -0.00500000      -0.252843      0.299326
 -0.00250000  -0.00500000  -0.00500000      -0.252843      0.37411
 -0.00250000  -0.00500000  -0.00500000      -0.252843      0.448914
 -0.00250000  -0.00500000  -0.00500000      -0.252843      0.52372
 -0.00250000  -0.00500000  -0.00500000      -0.180578      -0.523667
 -0.00250000  -0.00500000  -0.00500000      -0.180578      -0.448673
 -0.00250000  -0.00500000  -0.00500000      -0.180578      -0.373939
 -0.00250000  -0.00500000  -0.00500000      -0.180578      -0.299081
 -0.00250000  -0.00500000  -0.00500000      -0.180578      -0.224262
 -0.00250000  -0.00500000  -0.00500000      -0.180578      -0.149529
 -0.00250000  -0.00500000  -0.00500000      -0.180578      -0.0747141
 -0.00250000  -0.00500000  -0.00500000      -0.180578      8.71673e-05
 -0.00250000  -0.00500000  -0.00500000      -0.180578      0.0749395
 -0.00250000  -0.00500000  -0.00500000      -0.180578      0.149688
 -0.00250000  -0.00500000  -0.00500000      -0.180578      0.224485
 -0.00250000  -0.00500000  -0.00500000      -0.180578      0.299312
 -0.00250000  -0.00500000  -0.00500000      -0.180578      0.374124
 -0.00250000  -0.00500000  -0.00500000      -0.180578      0.448928
 -0.00250000  -0.00500000  -0.00500000      -0.180578      0.52369
 -0.00250000  -0.00500000  -0.00500000      -0.108457      -0.523681
 -0.00250000  -0.00500000  -0.00500000      -0.108194      -0.448713
 -0.00250000  -0.00500000  -0.00500000      -0.10805      -0.373913
 -0.00250000  -0.00500000  -0.00500000      -0.108242      -0.299145
 -0.00250000  -0.00500000  -0.00500000      -0.108385      -0.2243
 -0.00250000  -0.00500000  -0.00500000      -0.108361      -0.149517
 -0.00250000  -0.00500000  -0.00500000      -0.108361      -0.0746642
 -0.00250000  -0.00500000  -0.00500000      -0.108361      8.71673e-05
 -0.00250000  -0.00500000  -0.00500000      -0.108361      0.0748891
 -0.00250000  -0.00500000  -0.00500000      -0.108361      0.149688
 -0.00250000  -0.00500000  -0.00500000      -0.108361      0.224511
 -0.00250000  -0.00500000  -0.00500000      -0.108361      0.299312
 -0.00250000  -0.00500000  -0.00500000      -0.108361      0.374096
 -0.00250000  -0.00500000  -0.00500000      -0.108361      0.4489
 -0.00250000  -0.00500000  -0.00500000      -0.108361      0.52378
 -0.00250000  -0.00500000  -0.00500000      -0.0360965      -0.523667
 -0.00250000  -0.00500000  -0.00500000      -0.0360965      -0.448726
 -0.00250000  -0.00500000  -0.00500000      -0.0360965      -0.373926
 -0.00250000  -0.00500000  -0.00500000      -0.0360965      -0.299068
 -0.00250000  -0.00500000  -0.00500000      -0.0360965      -0.22435
 -0.00250000  -0.00500000  -0.00500000      -0.0360965      -0.149467
 -0.00250000  -0.00500000  -0.00500000      -0.0360965      -0.0746891
 -0.00250000  -0.00500000  -0.00500000      -0.0360965      0.000137168
 -0.00250000  -0.00500000  -0.00500000      -0.0360965      0.0749017
 -0.00250000  -0.00500000  -0.00500000      -0.0360965      0.149701
 -0.00250000  -0.00500000  -0.00500000      -0.0360965      0.224485
 -0.00250000  -0.00500000  -0.00500000      -0.0360965      0.299326
 -0.00250000  -0.00500000  -0.00500000      -0.0360965      0.374152
 -0.00250000  -0.00500000  -0.00500000      -0.0360965      0.448871
 -0.00250000  -0.00500000  -0.00500000      -0.0360965      0.52372
 -0.00250000  -0.00500000  -0.00500000      0.0360965      -0.523667
 -0.00250000  -0.00500000  -0.00500000      0.0360965      -0.448713
 -0.00250000  -0.00500000  -0.00500000      0.0360965      -0.373926
 -0.00250000  -0.00500000  -0.00500000      0.0360965      -0.299132
 -0.00250000  -0.00500000  -0.00500000      0.0360965      -0.224313
 -0.00250000  -0.00500000  -0.00500000      0.0360965      -0.149517
 -0.00250000  -0.00500000  -0.00500000      0.0360965      -0.0746891
 -0.00250000  -0.00500000  -0.00500000      0.0360965      9.96674e-05
 -0.00250000  -0.00500000  -0.00500000      0.0360965      0.0749017
 -0.00250000  -0.00500000  -0.00500000      0.0360965      0.149701
 -0.00250000  -0.00500000  -0.00500000      0.0360965      0.224511
 -0.00250000  -0.00500000  -0.00500000      0.0360965      0.299339
 -0.00250000  -0.00500000  -0.00500000      0.0360965      0.374083
 -0.00250000  -0.00500000  -0.00500000      0.0360965      0.4489
 -0.00250000  -0.00500000  -0.00500000      0.0360965      0.52378
 -0.00250000  -0.00500000  -0.00500000      0.108337      -0.523681
 -0.00250000  -0.00500000  -0.00500000      0.108337      -0.448726
 -0.00250000  -0.00500000  -0.00500000      0.108337      -0.373952
 -0.00250000  -0.00500000  -0.00500000      0.108337      -0.299132
 -0.00250000  -0.00500000  -0.00500000      0.108337      -0.2243
 -0.00250000  -0.00500000  -0.00500000      0.108337      -0.149541
 -0.00250000  -0.00500000  -0.00500000      0.108337      -0.0747141
 -0.00250000  -0.00500000  -0.00500000      0.108337      0.000124668
 -0.00250000  -0.00500000  -0.00500000      0.108337      0.0748512
 -0.00250000  -0.00500000  -0.00500000      0.108337      0.149688
 -0.00250000  -0.00500000  -0.00500000      0.108337      0.224472
 -0.00250000  -0.00500000  -0.00500000      0.108337      0.299299
 -0.00250000  -0.00500000  -0.00500000      0.108337      0.374166
 -0.00250000  -0.00500000  -0.00500000      0.108337      0.448842
 -0.00250000  -0.00500000  -0.00500000      0.108337      0.52372
 -0.00250000  -0.00500000  -0.00500000      0.180698      -0.523667
 -0.00250000  -0.00500000  -0.00500000      0.18065      -0.44874
 -0.00250000  -0.00500000  -0.00500000      0.180602      -0.373939
 -0.00250000  -0.00500000  -0.00500000      0.180602      -0.299119
 -0.00250000  -0.00500000  -0.00500000      0.180602      -0.2243
 -0.00250000  -0.00500000  -0.00500000      0.180602      -0.149517
 -0.00250000  -0.00500000  -0.00500000      0.180602      -0.0746767
 -0.00250000  -0.00500000  -0.00500000      0.180602      8.71673e-05
 -0.00250000  -0.00500000  -0.00500000      0.180602      0.0749143
 -0.00250000  -0.00500000  -0.00500000      0.180602      0.149675
 -0.00250000  -0.00500000  -0.00500000      0.180602      0.224498
 -0.00250000  -0.00500000  -0.00500000      0.180602      0.299353
 -0.00250000  -0.00500000  -0.00500000      0.180602      0.37411
 -0.00250000  -0.00500000  -0.00500000      0.180602      0.448857
 -0.00250000  -0.00500000  -0.00500000      0.180602      0.523705
 -0.00250000  -0.00500000  -0.00500000      0.252532      -0.523708
 -0.00250000  -0.00500000  -0.00500000      0.253059      -0.448699
 -0.00250000  -0.00500000  -0.00500000      0.252723      -0.3739
 -0.00250000  -0.00500000  -0.00500000      0.252747      -0.299132
 -0.00250000  -0.00500000  -0.00500000      0.252747      -0.224338
 -0.00250000  -0.00500000  -0.00500000      0.252747      -0.149504
 -0.00250000  -0.00500000  -0.00500000      0.252747      -0.0746891
 -0.00250000  -0.00500000  -0.00500000      0.252747      9.96674e-05
 -0.00250000  -0.00500000  -0.00500000      0.252747      0.0749143
 -0.00250000  -0.00500000  -0.00500000      0.252747      0.14965
 -0.00250000  -0.00500000  -0.00500000      0.252747      0.224485
 -0.00250000  -0.00500000  -0.00500000      0.252747      0.299299
 -0.00250000  -0.00500000  -0.00500000      0.252747      0.37411
 -0.00250000  -0.00500000  -0.00500000      0.252747      0.4489
 -0.00250000  -0.00500000  -0.00500000      0.252747      0.52372
 -0.00250000  -0.00500000  -0.00500000      0.324988      -0.523667
 -0.00250000  -0.00500000  -0.00500000      0.325012      -0.448699
 -0.00250000  -0.00500000  -0.00500000      0.325012      -0.373887
 -0.00250000  -0.00500000  -0.00500000      0.325012      -0.299158
 -0.00250000  -0.00500000  -0.00500000      0.325012      -0.224325
 -0.00250000  -0.00500000  -0.00500000      0.325012      -0.149492
 -0.00250000  -0.00500000  -0.00500000      0.325012      -0.0747265
 -0.00250000  -0.00500000  -0.00500000      0.325012      0.000137168
 -0.00250000  -0.00500000  -0.00500000      0.325012      0.0749143
 -0.00250000  -0.00500000  -0.00500000      0.325012      0.149675
 -0.00250000  -0.00500000  -0.00500000      0.325012      0.224485
 -0.00250000  -0.00500000  -0.00500000      0.325012      0.299366
 -0.00250000  -0.00500000  -0.00500000      0.325012      0.374124
 -0.00250000  -0.00500000  -0.00500000      0.325012      0.448871
 -0.00250000  -0.00500000  -0.00500000      0.325012      0.52375
 -0.00250000  -0.00500000  -0.00500000      0.397037      -0.523653
 -0.00250000  -0.00500000  -0.00500000      0.397205      -0.448726
 -0.00250000  -0.00500000  -0.00500000      0.397205      -0.3739
 -0.00250000  -0.00500000  -0.00500000      0.397205      -0.299094
 -0.00250000  -0.00500000  -0.00500000      0.397205      -0.224313
 -0.00250000  -0.00500000  -0.00500000      0.397205      -0.149529
 -0.00250000  -0.00500000  -0.00500000      0.397205      -0.0747141
 -0.00250000  -0.00500000  -0.00500000      0.397205      0.000112167
 -0.00250000  -0.00500000  -0.00500000      0.397205      0.0749395
 -0.00250000  -0.00500000  -0.00500000      0.397205      0.149675
 -0.00250000  -0.00500000  -0.00500000      0.397205      0.224511
 -0.00250000  -0.00500000  -0.00500000      0.397205      0.299339
 -0.00250000  -0.00500000  -0.00500000      0.397205      0.374124
 -0.00250000  -0.00500000  -0.00500000      0.397205      0.4489
 -0.00250000  -0.00500000  -0.00500000      0.397205      0.523765
 -0.00250000  -0.00500000  -0.00500000      0.469422      -0.523681
 -0.00250000  -0.00500000  -0.00500000      0.469422      -0.448713
 -0.00250000  -0.00500000  -0.00500000      0.469422      -0.373926
 -0.00250000  -0.00500000  -0.00500000      0.469422      -0.299094
 -0.00250000  -0.00500000  -0.00500000      0.469422      -0.224275
 -0.00250000  -0.00500000  -0.00500000      0.469422      -0.149529
 -0.00250000  -0.00500000  -0.00500000      0.469422      -0.0747016
 -0.00250000  -0.00500000  -0.00500000      0.469422      0.000124668
 -0.00250000  -0.00500000  -0.00500000      0.469422      0.0749521
 -0.00250000  -0.00500000  -0.00500000      0.469422      0.149701
 -0.00250000  -0.00500000  -0.00500000      0.469422      0.224524
 -0.00250000  -0.00500000  -0.00500000      0.469422      0.299312
 -0.00250000  -0.00500000  -0.00500000      0.469422      0.374096
 -0.00250000  -0.00500000  -0.00500000      0.469422      0.448871
 -0.00250000  -0.00500000  -0.00500000      0.469422      0.52372
 -0.00250000  -0.00500000  -0.00500000      0.541471      -0.523667
 -0.00250000  -0.00500000  -0.00500000      0.541903      -0.448686
 -0.00250000  -0.00500000  -0.00500000      0.541831      -0.3739
 -0.00250000  -0.00500000  -0.00500000      0.541711      -0.299132
 -0.00250000  -0.00500000  -0.00500000      0.541711      -0.224287
 -0.00250000  -0.00500000  -0.00500000      0.541711      -0.149529
 -0.00250000  -0.00500000  -0.00500000      0.541711      -0.0747265
 -0.00250000  -0.00500000  -0.00500000      0.541711      8.71673e-05
 -0.00250000  -0.00500000  -0.00500000      0.541711      0.0748891
 -0.00250000  -0.00500000  -0.00500000      0.541711      0.149688
 -0.00250000  -0.00500000  -0.00500000      0.541711      0.224511
 -0.00250000  -0.00500000  -0.00500000      0.541711      0.299326
 -0.00250000  -0.00500000  -0.00500000      0.541711      0.374152
 -0.00250000  -0.00500000  -0.00500000      0.541711      0.448871
 -0.00250000  -0.00500000  -0.00500000      0.541711      0.52369
 -0.00250000  -0.00500000  -0.00500000      0.614024      -0.523653
 -0.00250000  -0.00500000  -0.00500000      0.614024      -0.448699
 -0.00250000  -0.00500000  -0.00500000      0.614192      -0.373913
 -0.00250000  -0.00500000  -0.00500000      0.61412      -0.299158
 -0.00250000  -0.00500000  -0.00500000      0.614168      -0.224313
 -0.00250000  -0.00500000  -0.00500000      0.614      -0.149504
 -0.00250000  -0.00500000  -0.00500000      0.613952      -0.074739
 -0.00250000  -0.00500000  -0.00500000      0.613928      9.96674e-05
 -0.00250000  -0.00500000  -0.00500000      0.613928      0.0749143
 -0.00250000  -0.00500000  -0.00500000      0.613928      0.14965
 -0.00250000  -0.00500000  -0.00500000      0.613928      0.224564
 -0.00250000  -0.00500000  -0.00500000      0.613928      0.299379
 -0.00250000  -0.00500000  -0.00500000      0.613928      0.374152
 -0.00250000  -0.00500000  -0.00500000      0.613928      0.448957
 -0.00250000  -0.00500000  -0.00500000      0.613928      0.52378
 -0.00250000  -0.00500000  -0.00500000      0.685857      -0.523653
 -0.00250000  -0.00500000  -0.00500000      0.686361      -0.44874
 -0.00250000  -0.00500000  -0.00500000      0.685857      -0.373926
 -0.00250000  -0.00500000  -0.00500000      0.686121      -0.299132
 -0.00250000  -0.00500000  -0.00500000      0.686097      -0.224325
 -0.00250000  -0.00500000  -0.00500000      0.686097      -0.149554
 -0.00250000  -0.00500000  -0.00500000      0.686097      -0.0746144
 -0.00250000  -0.00500000  -0.00500000      0.686097      8.71673e-05
 -0.00250000  -0.00500000  -0.00500000      0.686097      0.0749017
 -0.00250000  -0.00500000  -0.00500000      0.686097      0.149688
 -0.00250000  -0.00500000  -0.00500000      0.686097      0.224498
 -0.00250000  -0.00500000  -0.00500000      0.686097      0.299326
 -0.00250000  -0.00500000  -0.00500000      0.686097      0.374152
 -0.00250000  -0.00500000  -0.00500000      0.686097      0.448885
 -0.00250000  -0.00500000  -0.00500000      0.686097      0.523795
 -0.00250000  -0.00500000  -0.00500000      0.758194      -0.523639
 -0.00250000  -0.00500000  -0.00500000      0.758458      -0.448726
 -0.00250000  -0.00500000  -0.00500000      0.758482      -0.373874
 -0.00250000  -0.00500000  -0.00500000      0.758314      -0.299145
 -0.00250000  -0.00500000  -0.00500000      0.758338      -0.224313
 -0.00250000  -0.00500000  -0.00500000      0.758338      -0.149529
 -0.00250000  -0.00500000  -0.00500000      0.758338      -0.0747141
 -0.00250000  -0.00500000  -0.00500000      0.758338      0.000137168
 -0.00250000  -0.00500000  -0.00500000      0.758338      0.0749269
 -0.00250000  -0.00500000  -0.00500000      0.758338      0.149675
 -0.00250000  -0.00500000  -0.00500000      0.758338      0.224498
 -0.00250000  -0.00500000  -0.00500000      0.758338      0.299312
 -0.00250000  -0.00500000  -0.00500000      0.758338      0.374152
 -0.00250000  -0.00500000  -0.00500000      0.758338      0.4489
 -0.00250000  -0.00500000  -0.00500000      0.758338      0.523705
 -0.00250000  -0.00500000  -0.00500000      0.830315      -0.523653
 -0.00250000  -0.00500000  -0.00500000      0.830267      -0.448713
 -0.00250000  -0.00500000  -0.00500000      0.830603      -0.373926
 -0.00250000  -0.00500000  -0.00500000      0.830603      -0.299158
 -0.00250000  -0.00500000  -0.00500000      0.830603      -0.224313
 -0.00250000  -0.00500000  -0.00500000      0.830603      -0.149517
 -0.00250000  -0.00500000  -0.00500000      0.830603      -0.0747141
 -0.00250000  -0.00500000  -0.00500000      0.830603      0.000124668
 -0.00250000  -0.00500000  -0.00500000      0.830603      0.0748891
 -0.00250000  -0.00500000  -0.00500000      0.830603      0.149675
 -0.00250000  -0.00250000  -0.00750000      0.830483      0.224668
 -0.00250000  -0.00250000  -0.00750000      0.830507      0.299339
 -0.00250000  -0.00250000  -0.00750000      0.830507      0.374124
 -0.00250000  -0.00250000  -0.00750000      0.830507      0.448914
 -0.00250000  -0.00250000  -0.00750000      0.830507      0.52369
 -0.00250000  -0.00500000  -0.00750000      0.902892      -0.523639
 -0.00250000  -0.00500000  -0.00750000      0.902604      -0.448713
 -0.00250000  -0.00500000  -0.00750000      0.903035      -0.373926
     0.00000  -0.00500000  -0.00750000      0.902556      -0.299107
     0.00000  -0.00500000  -0.00750000      0.9027      -0.224313
     0.00000  -0.00500000  -0.00750000      0.902676      -0.149492
     0.00000  -0.00500000  -0.00750000      0.902676      -0.074739
     0.00000  -0.00500000  -0.00750000      0.902676      7.46672e-05
     0.00000  -0.00500000  -0.00750000      0.902676      0.0749395
     0.00000  -0.00500000  -0.00750000      0.902676      0.149675
     0.00000  -0.00500000  -0.00750000      0.902676      0.224538
     0.00000  -0.00500000  -0.00750000      0.902748      0.299285
     0.00000  -0.00500000  -0.00750000      0.902724      0.374083
     0.00000  -0.00500000  -0.00750000      0.902724      0.4489
     0.00000  -0.00500000  -0.00750000      0.902724      0.523735
     0.00000  -0.00500000  -0.00750000      0.974989      -0.523722
     0.00000  -0.00500000  -0.00750000      0.974989      -0.448686
     0.00000  -0.00500000  -0.00750000      0.974989      -0.373926
     0.00000  -0.00500000  -0.00750000      0.974989      -0.299119
     0.00000  -0.00500000  -0.00750000      0.974989      -0.224338
     0.00000  -0.00500000  -0.00750000      0.974989      -0.149541
     0.00000  -0.00500000  -0.00750000      0.974989      -0.0746642
     0.00000  -0.00500000  -0.00750000      0.974989      0.000162168
     0.00000  -0.00500000  -0.00750000      0.974989      0.0749143
     0.00000  -0.00500000  -0.00750000      0.974989      0.149701
     0.00000  -0.00500000  -0.00750000      0.974989      0.224498
     0.00000  -0.00500000  -0.00750000      0.974989      0.299312
     0.00000  -0.00500000  -0.00750000      0.974989      0.374083
     0.00000  -0.00500000  -0.00750000      0.974989      0.448871
     0.00000  -0.00500000  -0.00750000      0.974989      0.52372
     0.00000  -0.00500000  -0.00750000      1.04721      -0.523708
     0.00000  -0.00500000  -0.00750000      1.04721      -0.448699
     0.00000  -0.00500000  -0.00750000      1.04721      -0.373965
     0.00000  -0.00500000  -0.00750000      1.04721      -0.299107
     0.00000  -0.00500000  -0.00750000      1.04721      -0.224313
     0.00000  -0.00500000  -0.00750000      1.04721      -0.149492
     0.00000  -0.00500000  -0.00750000      1.04721      -0.0747016
     0.00000  -0.00500000  -0.00750000      1.04721      0.000162168
     0.00000  -0.00500000  -0.00750000      1.04721      0.0749269
     0.00000  -0.00500000  -0.00750000      1.04721      0.149726
     0.00000  -0.00500000  -0.00750000      1.04721      0.224498
     0.00000  -0.00500000  -0.00750000      1.04721      0.299339
     0.00000  -0.00500000  -0.00750000      1.04721      0.374138
     0.00000  -0.00500000  -0.00750000      1.04721      0.448885
     0.00000  -0.00500000  -0.00750000      1.04721      0.52375
     0.00000  -0.00500000  -0.00750000      4.79369e-05      7.46672e-05
