  0.0537112   0.0238773     1.32247     0.99986 -0.00157371  0.00283253   0.0164091
 0.0612922 -0.0274692    1.31538   0.827797  -0.318714  -0.158753   0.433556
 0.0544906 -0.0236147    1.31311   0.835801  -0.288537  -0.139344   0.445832
 0.0475257 -0.0197881    1.31157   0.842703  -0.257483  -0.119723   0.457407
 0.0405408 -0.0160449    1.31048   0.848047  -0.227453  -0.100102   0.468038
 0.0334716  -0.012355    1.31012   0.852272  -0.196427 -0.0805849   0.478074
  0.0264026 -0.00873312     1.31038      0.8553    -0.16528  -0.0611649    0.487241
  0.0193522 -0.00524876      1.3112    0.856902   -0.134062  -0.0417329    0.495989
 0.0123713 -0.0018902    1.31257   0.857275  -0.103227 -0.0221731   0.503917
 0.00552256  0.00135502     1.31444    0.856608  -0.0725355 -0.00269004    0.510837
-0.00122026  0.00442734     1.31687    0.854641  -0.0414394   0.0164848      0.5173
 -0.007793 0.00733158    1.31981    0.85151 -0.0103591  0.0354541   0.523035
-0.0141449  0.0100997    1.32324   0.847363  0.0208445  0.0544475   0.527803
-0.0202776  0.0126102     1.3272   0.841923  0.0522056  0.0728865   0.532097
-0.0261374  0.0149106    1.33153   0.835446  0.0832417   0.090542   0.535633
-0.0316865  0.0170102    1.33632   0.827945   0.114267    0.10819    0.53828
 0.061139 -0.027837   1.31532  0.845132 -0.317418 -0.148827  0.403545
 0.0546102 -0.0234759    1.31314   0.853399  -0.286421  -0.130626   0.415463
  0.047928 -0.0191473    1.31169   0.860387  -0.254635  -0.112183   0.426977
 0.0412264 -0.0149098    1.31067   0.865884  -0.223811  -0.093739   0.437455
 0.0344299 -0.0107179    1.31038   0.870167  -0.192023 -0.0755183   0.447475
  0.0276287 -0.00663291     1.31072    0.873157   -0.160272   -0.057172    0.456773
  0.020858 -0.0026608    1.31164   0.874877  -0.128432 -0.0389975   0.465376
 0.0141451 0.00117424    1.31308   0.875359 -0.0967804 -0.0205185   0.473244
 0.00753278   0.0048581     1.31503    0.874604  -0.0654944 -0.00236951    0.480388
0.00103484 0.00837087    1.31754   0.872643  -0.033764  0.0160288   0.486927
-0.00529978   0.0117004     1.32055    0.869498 -0.00196242   0.0336769    0.492784
-0.0114468  0.0148293    1.32405   0.865139  0.0298386  0.0516508   0.497972
-0.017363 0.0177338   1.32803  0.859661  0.061683 0.0687491  0.502446
-0.023031 0.0203907   1.33248   0.85308 0.0934288 0.0853692    0.5062
-0.028407 0.0228017   1.33729  0.845408  0.124928  0.101813  0.509228
 0.0609403 -0.0281816    1.31531   0.861416  -0.315537  -0.138821   0.372999
0.0547354 -0.023343    1.3132  0.869837 -0.283898 -0.121759  0.384656
 0.0483816 -0.0185396    1.31182   0.877025   -0.25157  -0.104426   0.395772
 0.0419914 -0.0138178    1.31089   0.882614  -0.219868 -0.0873404    0.40623
  0.0354925 -0.00915855     1.31073    0.886952   -0.187395  -0.0701947     0.41626
  0.0290041 -0.00460422     1.31114    0.890019   -0.154875  -0.0531482    0.425507
   0.0225469 -0.000176653       1.3121      0.89178     -0.12273   -0.0359773     0.434017
 0.0161232 0.00410258    1.31364   0.892272 -0.0904527 -0.0187802   0.441947
 0.00979111  0.00821541     1.31567    0.891516  -0.0583058 -0.00191394    0.449218
0.00356143  0.0121415    1.31825   0.889492 -0.0259693  0.0154638   0.455951
-0.00251091    0.015864     1.32135      0.8863   0.0065052   0.0319601    0.461962
-0.00840233   0.0193611     1.32491    0.881889   0.0389303    0.048231    0.467366
-0.0140932  0.0226292    1.32895   0.876301  0.0710547  0.0646935   0.472082
-0.0195344  0.0256104    1.33345     0.8696    0.10342   0.080055   0.476121
-0.0247169  0.0283122    1.33834    0.86178   0.135413  0.0952532   0.479505
 0.0607275 -0.0285321    1.31527   0.876593   -0.31334  -0.128543   0.341877
 0.0548613 -0.0232416    1.31325   0.885218  -0.281002  -0.112477   0.353235
 0.0488639 -0.0179744    1.31197   0.892423  -0.247975 -0.0966355   0.364351
 0.0428206 -0.0127895    1.31116   0.898146   -0.21553 -0.0808547   0.374624
  0.0366817 -0.00767898     1.31108    0.902599   -0.182547    -0.06485    0.384429
  0.0305348 -0.00268398     1.31154     0.90569    -0.14962  -0.0491709      0.3936
 0.0244002 0.00217309     1.3126    0.90749  -0.116843 -0.0331234   0.402136
 0.0182955  0.0068823    1.31422   0.907999 -0.0837292 -0.0171375   0.410162
  0.0122768   0.0113963     1.31635    0.907225   -0.050988 -0.00140094    0.417542
0.00635369  0.0157117    1.31901   0.905196  -0.018158  0.0145516   0.424357
0.000563119   0.0198126     1.32218    0.901911   0.0148624   0.0303036    0.430601
-0.00505194   0.0236683     1.32584    0.897459   0.0478409   0.0452385    0.436157
-0.0104788  0.0272577    1.32995   0.891751  0.0805703  0.0606031   0.441152
-0.015691 0.0305603    1.3345  0.884946   0.11331 0.0746591  0.445486
-0.0206565  0.0335584     1.3395   0.876955   0.145969  0.0887937   0.449175
 0.0604789 -0.0288318    1.31522   0.890658  -0.310663  -0.118071   0.310284
0.0550039 -0.023114   1.31332  0.899445 -0.277698 -0.103252   0.32128
 0.0493913 -0.0174211    1.31211   0.906681  -0.244199 -0.0887359     0.3323
0.0437174 -0.011822   1.31142  0.912494 -0.211186 -0.074039  0.342452
 0.0379617 -0.0062865    1.31142   0.917027  -0.177608 -0.0593981    0.35212
   0.0321873 -0.000875256        1.312     0.920188    -0.144079   -0.0448702     0.361223
 0.0264128 0.00438585    1.31316   0.922024  -0.110487 -0.0300976   0.369809
 0.0206676 0.00947385    1.31486   0.922532 -0.0769623 -0.0155868   0.377847
  0.0149824   0.0143718     1.31711    0.921765  -0.0435773 -0.00102044    0.385291
0.00940173  0.0190601    1.31981   0.919704 -0.0101986  0.0137482   0.392239
0.00391564  0.0235101    1.32307   0.916378  0.0232423  0.0282199    0.39864
-0.00140897   0.0276981     1.32683    0.911826   0.0567127   0.0422002    0.404445
-0.0065504   0.031602      1.331   0.906063  0.0899989   0.056017   0.409648
-0.0114956  0.0351863    1.33564   0.899093   0.123216  0.0694246   0.414282
-0.0162222  0.0384493    1.34068   0.891014   0.156175  0.0820736   0.418291
 0.0602118 -0.0291478    1.31519   0.903573  -0.307525  -0.107431   0.278285
  0.055149 -0.0230207    1.31337   0.912349  -0.274001 -0.0940153   0.289316
 0.0499612 -0.0169482    1.31227   0.919758   -0.24009 -0.0806142   0.299838
 0.0446874 -0.0109392     1.3117   0.925688   -0.20642 -0.0671262   0.309818
  0.0393375 -0.00500809     1.31181    0.930297   -0.172127  -0.0538783      0.3194
  0.0339667 0.000785255     1.31248    0.933496   -0.138109  -0.0406148    0.328423
 0.0285902   0.006426    1.31368   0.935354  -0.104109 -0.0272614   0.336943
 0.0232291  0.0118839    1.31551   0.935887 -0.0700879 -0.0139245   0.344977
    0.017908    0.0171412      1.31784     0.935105   -0.0361771 -0.000367368     0.352519
    0.01267   0.0221706     1.32068    0.933026 -0.00219748    0.012885    0.359572
0.00753167  0.0269544      1.324   0.929664  0.0316705  0.0259898   0.366124
0.00251665  0.0314517    1.32786   0.925025  0.0655475   0.039031   0.372168
-0.00232161   0.0356421     1.33212    0.919208   0.0992398   0.0514109    0.377578
-0.00698564    0.039507     1.33679    0.912124    0.132827   0.0637872    0.382516
-0.0114448   0.043036    1.34189   0.903953   0.165942   0.075561    0.38681
  0.059932 -0.0294334    1.31514    0.91528  -0.304086 -0.0967334   0.245839
 0.0552988 -0.0229312    1.31346   0.924222  -0.269839 -0.0845461   0.256616
 0.0505542 -0.0164968    1.31245   0.931664  -0.235539 -0.0724652   0.266969
 0.0457144 -0.0101196    1.31198    0.93768  -0.201195 -0.0603544   0.276829
  0.0408078 -0.00383666     1.31218    0.942308   -0.166673  -0.0483917     0.28624
 0.0358531 0.00231348    1.31295   0.945547   -0.13211 -0.0363444   0.295241
 0.0308845 0.00831057     1.3143   0.947429 -0.0976026 -0.0241558   0.303758
 0.0259336  0.0141197    1.31619   0.947984 -0.0632082 -0.0120207   0.311748
  0.0210049    0.019701     1.31861     0.94719  -0.0287347 0.000101822    0.319382
  0.016148  0.0250436    1.32156   0.945109 0.00572517  0.0118417   0.326489
0.0113772 0.0301283   1.32498  0.941738 0.0399538 0.0237265  0.333121
0.00669898  0.0349087    1.32895   0.937014  0.0745506  0.0355605   0.339386
0.00217702  0.0393769    1.33326   0.931126   0.108389  0.0466925   0.345074
-0.0021744   0.043493    1.33803   0.923987   0.142248  0.0580398   0.350208
-0.00635463   0.0472534     1.34316    0.915691    0.175714   0.0687755     0.35483
 0.0596261 -0.0296828    1.31509    0.92582  -0.300095 -0.0858094    0.21316
 0.0554669 -0.0228549    1.31353   0.934856  -0.265441 -0.0748942   0.223553
 0.0511794 -0.0160716    1.31265   0.942412  -0.230533 -0.0642199   0.233643
  0.0468118 -0.00936753     1.31229     0.94848   -0.195829  -0.0533977    0.243282
0.0423597  -0.00276   1.31259  0.953162  -0.16086 -0.042694  0.252554
  0.037866 0.00371434    1.31346    0.95645  -0.125872 -0.0320079   0.261411
 0.0333444  0.0100212     1.3149   0.958363 -0.0910394 -0.0210908   0.269828
 0.0288165  0.0161276    1.31691   0.958919 -0.0561102 -0.0101758    0.27789
  0.0243182   0.0220126     1.31941     0.95813  -0.0213488 0.000570354    0.285537
0.0198535 0.0276422   1.32245  0.956013 0.0135236 0.0112054  0.292797
0.0154489 0.0330036   1.32598   0.95259 0.0483011  0.021445  0.299631
 0.011138 0.0380456      1.33  0.947831 0.0830695 0.0319321    0.3061
0.00694626  0.0427498    1.33441    0.94185   0.117465  0.0416672   0.312065
0.00291933  0.0471093    1.33923   0.934676   0.151428  0.0518911   0.317423
-0.000968097    0.0510797      1.34445     0.926236     0.185264     0.061771      0.32241
 0.0593147 -0.0299082    1.31502   0.935125  -0.295811  -0.074718    0.18015
 0.0556413 -0.0227801    1.31359   0.944194  -0.260744 -0.0653082   0.190382
 0.0518431 -0.0156984     1.3128   0.951841   -0.22544  -0.055797   0.200155
  0.0479588 -0.00870144     1.31259    0.957966   -0.190295  -0.0464319    0.209602
  0.0439827 -0.00180092     1.31298    0.962699   -0.154978  -0.0368559    0.218709
 0.0399538  0.0049612    1.31397   0.966017   -0.11963 -0.0274554   0.227476
 0.0358908    0.01155    1.31551   0.967947 -0.0843121 -0.0180586    0.23589
  0.0318071   0.0179292     1.31764    0.968509  -0.0489364 -0.00846412    0.243974
 0.0277442  0.0240798    1.32023   0.967733 -0.0138711 0.00112912   0.251593
0.0237017 0.0299741   1.32336  0.965604 0.0213112  0.010148  0.258943
0.0197087 0.0355718   1.32697  0.962152 0.0565278 0.0191431  0.265899
0.0157904  0.040854   1.33109  0.957412 0.0915331 0.0281109  0.272385
0.0119441 0.0457817   1.33563  0.951335   0.12639 0.0367576  0.278633
0.00823535  0.0503432    1.34052    0.94408   0.160614  0.0455492   0.284325
0.00467515  0.0545011    1.34578   0.935578   0.194622  0.0545487   0.289552
 0.0589735 -0.0301086    1.31502   0.943169  -0.291204 -0.0636749   0.146896
 0.0558102 -0.0227156    1.31367   0.952385  -0.255636 -0.0553539    0.15668
 0.0525363 -0.0153761    1.31298   0.960063  -0.220025 -0.0473563   0.166206
  0.0491558 -0.00811721     1.31289    0.966248   -0.184503  -0.0393206    0.175433
   0.0456719 -0.000960794      1.31344     0.971037    -0.148754   -0.0310458     0.184381
 0.0421362 0.00607196    1.31449   0.974392  -0.112974 -0.0229908    0.19305
 0.0385601  0.0128991    1.31617   0.976344 -0.0773048 -0.0149059   0.201382
  0.0349608   0.0195275     1.31834     0.97692  -0.0418357 -0.00663385    0.209363
  0.0313452     0.02591     1.32108    0.976125 -0.00623335  0.00155976    0.217114
 0.0277436  0.0320154    1.32431   0.973987  0.0292838 0.00930968   0.224513
0.0241616 0.0378288   1.32804  0.970512 0.0646957 0.0168839  0.231596
0.0206429 0.0433116   1.33219  0.965719 0.0999399 0.0245491   0.23832
0.0171808 0.0484343   1.33677  0.959652  0.134778 0.0318762  0.244717
 0.013788 0.0531574   1.34188  0.952257  0.169707 0.0391243  0.250749
0.0105447 0.0574994   1.34721  0.943727   0.20381 0.0467785  0.256226
 0.0586306 -0.0302844    1.31493   0.949977  -0.286157 -0.0524498   0.113607
 0.0559996 -0.0226626    1.31373   0.959234  -0.250291 -0.0455648   0.123079
 0.0532465 -0.0151049    1.31318   0.966978  -0.214323 -0.0388438   0.132327
  0.0503837 -0.00762005      1.3132    0.973214   -0.178463  -0.0321575    0.141318
   0.0474396 -0.000242455      1.31382     0.978057    -0.142386   -0.0254694     0.149939
 0.0444093 0.00698985    1.31503   0.981437  -0.106426 -0.0185068   0.158466
 0.0413258  0.0140279    1.31678   0.983407 -0.0705026 -0.0118319   0.166732
  0.0381998    0.020866     1.31911    0.983999   -0.034441 -0.00489313    0.174746
 0.0350589  0.0274434    1.32192   0.983206 0.00132034 0.00189834   0.182484
 0.0319023  0.0337477    1.32527   0.981057  0.0370829 0.00836102   0.189953
0.0287669 0.0397445   1.32906  0.977573 0.0726888 0.0146557  0.197109
0.0256431  0.045405   1.33333  0.972754  0.108126 0.0209258  0.204011
0.0225695 0.0506873   1.33802  0.966637  0.143254  0.027172  0.210602
0.0195473 0.0555774   1.34312  0.959267   0.17803 0.0329697  0.216854
0.0166155 0.0600339    1.3486  0.950607  0.212628 0.0391089  0.222723
 0.0582882 -0.0304503    1.31488   0.955581   -0.28068 -0.0412343  0.0798971
 0.0561979 -0.0226472    1.31379   0.964871  -0.244561 -0.0357026   0.089106
 0.0539898 -0.0149015    1.31338   0.972664  -0.208281 -0.0304793  0.0980512
  0.0516628 -0.00723266     1.31351    0.978947   -0.172159  -0.0249149    0.106785
   0.049243 0.000323607     1.31424    0.983786   -0.135936  -0.0195067     0.11535
 0.0467425 0.00772901    1.31556   0.987199  -0.099638 -0.0141674   0.123732
  0.0441697   0.0149582     1.31742    0.989194  -0.0634216 -0.00868421    0.131898
   0.041542   0.0219596     1.31984    0.989789  -0.0272446 -0.00306992    0.139877
 0.0388752  0.0287077    1.32278   0.988999 0.00885872 0.00234869   0.147638
0.0361924 0.0351643    1.3262  0.986849 0.0447476 0.0074432   0.15515
0.0334865  0.041318   1.33013  0.983345 0.0806241 0.0123493  0.162419
0.0307891 0.0471155    1.3345  0.978493  0.116352  0.017293  0.169455
0.0281167 0.0525381   1.33927  0.972353  0.151602 0.0223215  0.176205
0.0254559 0.0575506    1.3445  0.964925  0.186624 0.0267712  0.182685
0.0228654 0.0621537   1.34997  0.956298   0.22099 0.0315629   0.18884
 0.0579275 -0.0305714    1.31484   0.959884  -0.274933 -0.0299998  0.0462064
 0.0563924 -0.0226178    1.31388   0.969232  -0.238517 -0.0258932  0.0550336
 0.0547305  -0.014722    1.31356   0.977085  -0.201908 -0.0218816  0.0637067
  0.0529565 -0.00691341     1.31382    0.983385   -0.165591  -0.0178813   0.0722063
    0.05108 0.000798568     1.31468    0.988262   -0.129068  -0.0137592   0.0805669
  0.0491155  0.00834079     1.31609    0.991684  -0.0926807 -0.00962801   0.0887714
  0.0470658    0.015693     1.31807     0.99369  -0.0563635 -0.00553829   0.0968146
  0.0449529   0.0228311     1.32058    0.994297  -0.0199304 -0.00116651    0.104763
 0.0427764  0.0297086    1.32364    0.99351  0.0163573 0.00269896   0.112529
 0.0405619  0.0362915    1.32715   0.991359  0.0524235 0.00634451   0.120079
0.0383129 0.0425543    1.3312  0.987841 0.0884596 0.0099742  0.127459
0.0360478 0.0484692   1.33562  0.982987  0.124172 0.0138224  0.134634
0.0337795 0.0540015   1.34049  0.976833  0.159519 0.0176696  0.141559
 0.031515 0.0591153   1.34575  0.969401  0.194525 0.0211415  0.148238
0.0292489 0.0637928   1.35137  0.960705  0.229201 0.0239858  0.154718
 0.0575607 -0.0306559     1.3148   0.962942  -0.268765 -0.0187045  0.0125769
 0.0565845 -0.0226103    1.31393   0.972339  -0.232103 -0.0158164  0.0208682
 0.0554908 -0.0146113    1.31376   0.980207  -0.195382 -0.0131692  0.0291079
  0.0542769 -0.00670195     1.31415    0.986546   -0.158801  -0.0105019   0.0373929
   0.052954  0.00110312     1.31509    0.991423    -0.12224 -0.00770266   0.0455935
 0.0515275 0.00874624    1.31665   0.994871 -0.0855621 -0.0051329  0.0537087
  0.050018  0.0162031     1.3187   0.996887 -0.0490805 -0.0023414  0.0616592
  0.0484176   0.0234207     1.32135    0.997502  -0.0125816 0.000316998   0.0695101
 0.0467499  0.0303909    1.32449    0.99672  0.0238488 0.00296551  0.0772761
 0.0450119  0.0370604    1.32814   0.994565  0.0600483 0.00548488  0.0848749
0.0432266 0.0434137   1.33224  0.991048 0.0961262 0.0077562 0.0923228
0.0414016   0.04941   1.33676  0.986209  0.131795 0.0101168 0.0995954
0.0395414 0.0550026   1.34175  0.979998    0.1675  0.012553  0.106728
0.0376605 0.0601869   1.34709  0.972526  0.202642 0.0148406  0.113621
0.0357579 0.0649294   1.35279    0.9638   0.23735 0.0166025  0.120332
  0.0571857  -0.0307197      1.3147    0.964774   -0.262115 -0.00736299  -0.0212687
  0.0567864  -0.0226216     1.31398    0.974142   -0.225468 -0.00587109  -0.0132767
  0.0562613  -0.0145577     1.31391    0.982034   -0.188579 -0.00454081 -0.00524835
  0.0556044 -0.00657961     1.31445    0.988414   -0.151721  -0.0032557  0.00275366
  0.0548475  0.00126478      1.3155    0.993292   -0.115129 -0.00182385   0.0106506
   0.0539678   0.00898079      1.31719     0.996758   -0.0782778 -0.000667388    0.0185664
  0.0529987   0.0164869     1.31936    0.998782  -0.0416862 0.000703317   0.0263816
  0.0519224   0.0237734     1.32211    0.999401 -0.00503438  0.00206989   0.0341726
 0.0507652   0.030793    1.32535   0.998629  0.0312679 0.00335781  0.0418574
 0.0495154  0.0375155    1.32913   0.996471  0.0676507 0.00428055  0.0495039
0.0481973  0.043906   1.33329  0.992963   0.10365 0.0054959 0.0570244
 0.0468133   0.049951    1.33792    0.98809   0.139568 0.00655611  0.0644582
 0.0453656  0.0556022    1.34297     0.9819   0.175126 0.00759992  0.0717338
 0.0438847    0.06082     1.3484    0.97442   0.210281 0.00860953  0.0788194
 0.0423456  0.0655944    1.35417   0.965676   0.245015 0.00926419  0.0857425
 0.0568165  -0.030766    1.31464   0.965282  -0.255318 0.00395646 -0.0550283
 0.0569853  -0.022641    1.31403   0.974666  -0.218543 0.00411054 -0.0474225
 0.0570291 -0.0145561    1.31409   0.982584   -0.18148 0.00404328 -0.0397198
 0.0569545 -0.0065712     1.3147   0.988943  -0.144739 0.00402251 -0.0320445
 0.0567483 0.00131911    1.31592   0.993878  -0.107709 0.00387981 -0.0242901
 0.0564251 0.00903459    1.31769   0.997331 -0.0709971 0.00382533 -0.0165795
  0.0559932   0.0165623     1.31998    0.999362  -0.0343627  0.00390166 -0.00890003
    0.05545    0.023864     1.32286    0.999989  0.00234212  0.00380664 -0.00119733
 0.0547985  0.0309026    1.32619   0.999216  0.0388855 0.00355721 0.00647516
 0.0540399  0.0376469    1.33001   0.997069  0.0751197 0.00331599  0.0141181
 0.0531887  0.0440526    1.33435   0.993556   0.111199 0.00318895  0.0217113
 0.0522495  0.0501102    1.33905   0.988703   0.146978 0.00299286  0.0292492
 0.0512325  0.0557751    1.34414   0.982557   0.182293 0.00280499  0.0366429
 0.0501362  0.0610174    1.34964   0.975101   0.217351 0.00243651  0.0439394
 0.0489613   0.065792    1.35549   0.966322   0.252202 0.00177202  0.0511099
 0.0564356 -0.0307782    1.31457   0.964533  -0.248135  0.0153349 -0.0887171
 0.0571799 -0.0226702    1.31407   0.973934  -0.211215  0.0141071 -0.0815022
 0.0577943 -0.0146208    1.31426   0.981836  -0.174183  0.0126336  -0.074157
  0.0582881 -0.00665519     1.31498    0.988206   -0.137357   0.0112394  -0.0667573
 0.0586461 0.00120414    1.31635   0.993144  -0.100277 0.00983205 -0.0592625
 0.0588838 0.00888651    1.31819   0.996582 -0.0637978 0.00839793 -0.0518088
 0.0589996  0.0164092    1.32056    0.99863 -0.0270229 0.00715732 -0.0442244
 0.0589707  0.0236908    1.32354   0.999267 0.00970562 0.00563883 -0.0365992
 0.0588349  0.0307018    1.32698   0.998507  0.0461032 0.00419787 -0.0289843
 0.0585708  0.0374306    1.33093   0.996375  0.0823159 0.00250434 -0.0213437
  0.0581852   0.0438131     1.33533    0.992876    0.118359 0.000787923  -0.0137091
   0.057703   0.0498529      1.3401    0.988025    0.154172  -0.0005604 -0.00606134
  0.0570962   0.0555061     1.34535    0.981865    0.189567 -0.00197012  0.00152986
  0.0563873   0.0607231     1.35091    0.974434     0.22446 -0.00392304   0.0089677
  0.0555762   0.0654968     1.35684    0.965662    0.259219 -0.00575081   0.0163856
  0.056068 -0.0307603    1.31451   0.962514  -0.240621  0.0264587  -0.122344
 0.0573778 -0.0227237    1.31413   0.971903  -0.203661  0.0241043  -0.115524
 0.0585578 -0.0147363    1.31441   0.979794  -0.166634  0.0213844  -0.108537
  0.0596077 -0.00684386     1.31529     0.98616   -0.129793   0.0186066   -0.101468
  0.0605301 0.000953786     1.31673    0.991092  -0.0928074   0.0156909  -0.0942217
 0.0613242 0.00858847    1.31868   0.994549 -0.0561235  0.0129385 -0.0869174
 0.0619783  0.0160322    1.32118   0.996586  -0.019591  0.0102685 -0.0795368
 0.0624886  0.0232421    1.32424   0.997229  0.0170562  0.0074864 -0.0720248
 0.0628578   0.030205    1.32778   0.996481  0.0534012 0.00475656 -0.0644343
 0.0630844  0.0368678    1.33181   0.994364  0.0895022 0.00175667 -0.0568044
   0.063175   0.0432101     1.33629    0.990885    0.125422 -0.00136333  -0.0491296
  0.0631292   0.0492011     1.34117    0.986077    0.160996 -0.00430289  -0.0414111
  0.0629471   0.0547937     1.34648    0.979933    0.196329 -0.00710658  -0.0337115
 0.0626237  0.0599753    1.35213   0.972502    0.23122 -0.0100698 -0.0259842
 0.0621636  0.0646967    1.35815   0.963768    0.26579  -0.013083 -0.0183153
 0.0557053 -0.0307176    1.31447   0.959288  -0.232708  0.0375897  -0.155566
  0.057582 -0.0227891    1.31418   0.968605  -0.195789  0.0338348   -0.14942
 0.0593222 -0.0149052    1.31458   0.976496  -0.158778  0.0297581  -0.142688
  0.0609351 -0.00711957     1.31552    0.982838   -0.122062   0.0256591   -0.135909
   0.062407 0.000566687     1.31712    0.987775  -0.0850178   0.0212061   -0.128926
 0.0637428 0.00808853    1.31915   0.991196 -0.0486593  0.0174376  -0.121892
 0.0649277  0.0154368    1.32176   0.993239 -0.0121508  0.0135067  -0.114659
 0.0659495  0.0225531    1.32495    0.99389   0.024406 0.00923377  -0.107242
 0.0668305  0.0294157    1.32857   0.993152  0.0606212  0.0049863 -0.0997414
  0.0675474   0.0359891     1.33266    0.991058   0.0965247 0.000808812  -0.0921238
  0.0681002   0.0422482     1.33721     0.98762     0.13217 -0.00343616  -0.0844105
  0.0684924   0.0481495     1.34221     0.98281    0.167789 -0.00775449  -0.0766205
 0.0687152  0.0536681    1.34759   0.976709   0.202878 -0.0122086 -0.0687782
  0.068782   0.058773    1.35333   0.969296   0.237658 -0.0164796 -0.0609219
 0.0686766  0.0634392    1.35939   0.960614    0.27197 -0.0209985 -0.0530367
 0.0553461 -0.0306578    1.31439   0.954688  -0.224681  0.0488173   -0.18896
  0.057779 -0.0228693    1.31422   0.964026  -0.187817  0.0436162  -0.182967
 0.0600745 -0.0151316    1.31472   0.971883  -0.150822  0.0383015  -0.176718
  0.0622337 -0.00749797     1.31577    0.978207   -0.114158   0.0329388   -0.170277
   0.064251 4.12708e-05     1.31746    0.983116  -0.0773326   0.0272516   -0.163586
 0.0661246 0.00742309    1.31961   0.986543 -0.0409784  0.0219423  -0.156757
  0.0678352   0.0146266     1.32231    0.988583 -0.00459445   0.0166299   -0.149687
0.0693715 0.0216123   1.32557  0.989236 0.0317489 0.0110879 -0.142412
 0.0707461  0.0283411     1.3293   0.988517   0.067695 0.00547063   -0.13499
   0.0719432    0.0347891      1.33349      0.98644     0.103496 -7.10931e-05    -0.127377
  0.0729567   0.0409151     1.33812    0.983015    0.139049 -0.00585235   -0.119632
 0.0737789  0.0467191    1.34321   0.978255   0.174347 -0.0112794  -0.111769
  0.074409  0.0521229    1.34869   0.972169    0.20933 -0.0170335  -0.103816
  0.074847   0.057129    1.35448   0.964815   0.243797 -0.0228104 -0.0957851
 0.0750974  0.0617026     1.3606   0.956183   0.277869 -0.0284653 -0.0877046
 0.0549908 -0.0305484     1.3143   0.948924  -0.216197  0.0599713  -0.221824
  0.057969 -0.0229506    1.31427   0.958204  -0.179442  0.0533477  -0.216333
 0.0608092 -0.0154095    1.31484   0.966005  -0.142677  0.0466191  -0.210487
  0.0635028 -0.00795484       1.316    0.972289   -0.106186   0.0400078   -0.204395
   0.0660548 -0.000601106      1.31778     0.977169   -0.0695564    0.0331401    -0.198003
 0.0684473 0.00659514    1.32006   0.980597  -0.033206   0.026454   -0.19138
 0.0706746   0.013616    1.32286   0.982631 0.00299463  0.0197137  -0.184494
0.0727154 0.0204268   1.32617   0.98329 0.0389593 0.0128403 -0.177365
  0.074576  0.0269885       1.33   0.982585  0.0747817 0.00590782  -0.170001
  0.0762366   0.0332687     1.33428    0.980535    0.110318 -0.00077197   -0.162422
  0.0776999    0.039242     1.33901     0.97713    0.145713 -0.00789554   -0.154667
  0.078955  0.0448999    1.34415   0.972417   0.180703 -0.0147341  -0.146748
 0.0799784  0.0501637    1.34971   0.966373   0.215428 -0.0219281  -0.138682
 0.0807863  0.0550356    1.35558   0.959063   0.249661 -0.0289926  -0.130489
 0.0813618  0.0594998    1.36177   0.950497   0.283402 -0.0362197  -0.122176
 0.0546598 -0.0304227    1.31421   0.941871  -0.207504  0.0709246  -0.254541
 0.0581584 -0.0230473    1.31428   0.951115  -0.170842  0.0631094  -0.249422
 0.0615225 -0.0157406    1.31497    0.95885  -0.134388   0.054995  -0.243973
   0.064749 -0.00851121     1.31624    0.965114  -0.0980646   0.0468701   -0.238204
  0.0678188 -0.00137821      1.3181    0.969962  -0.0616439   0.0387716   -0.232099
 0.0707221 0.00559439    1.32047   0.973374 -0.0255019  0.0307862   -0.22571
0.0734464  0.012393   1.32335  0.975394 0.0104031 0.0228482 -0.219035
0.0759742 0.0189948   1.32678  0.976065 0.0461916 0.0144888 -0.212021
  0.078304   0.025355    1.33068    0.97537  0.0817643 0.00641174  -0.204762
 0.0804184  0.0314381    1.33505    0.97333   0.117166 -0.0018979  -0.197225
  0.082319  0.0372332    1.33983   0.969985   0.152042 -0.0101242  -0.189497
 0.0839864  0.0426938    1.34507   0.965294   0.186865 -0.0183767  -0.181527
  0.085398  0.0478048    1.35066   0.959337   0.221111 -0.0269109  -0.173375
 0.0865617  0.0525178    1.35662   0.952073    0.25509 -0.0353463  -0.165037
 0.0874821  0.0568233     1.3629   0.943541   0.288658 -0.0435895  -0.156546
 0.0543247 -0.0302777    1.31417   0.933615  -0.198608  0.0817163  -0.286775
 0.0583509 -0.0231649     1.3143   0.942742  -0.162041  0.0726919  -0.282304
 0.0622248 -0.0161254    1.31508    0.95043  -0.125775  0.0634265  -0.277202
  0.0659535 -0.00916171     1.31642    0.956656  -0.0896754   0.0540196   -0.271754
  0.0695278 -0.00229654     1.31839    0.961472  -0.0535953   0.0445159   -0.265928
 0.0729221 0.00441382    1.32087   0.964861 -0.0178088  0.0350634  -0.259803
0.0761337 0.0109671   1.32384   0.96687 0.0177781 0.0258986 -0.253328
0.0791381 0.0173204   1.32733  0.967544 0.0533537 0.0162808 -0.246468
 0.0819254  0.0234364    1.33131    0.96687  0.0886677 0.00692148  -0.239277
  0.0844816   0.0293024     1.33575     0.96487    0.123572 -0.00271115   -0.231839
 0.0867995  0.0348733    1.34064    0.96154   0.158338 -0.0121865    -0.2241
 0.0888581  0.0401309    1.34592   0.956912   0.192687 -0.0221142  -0.216108
 0.0906458  0.0450418     1.3516   0.950999    0.22669 -0.0318673   -0.20784
  0.092161  0.0495684    1.35763   0.943797   0.260315 -0.0415421  -0.199396
 0.0933973  0.0537036    1.36395   0.935326    0.29353 -0.0512479  -0.190732
 0.0540182 -0.0301017    1.31411   0.924105  -0.189224  0.0925443  -0.318842
 0.0585476 -0.0232878    1.31432   0.933222  -0.152916  0.0820146  -0.314623
 0.0629029 -0.0165638    1.31518   0.940763  -0.117107   0.071507  -0.310062
  0.0671196 -0.00989736     1.31663    0.946952  -0.0812112   0.0608382   -0.304934
  0.0711762 -0.00333243     1.31866    0.951704  -0.0453899   0.0502367   -0.299459
  0.0750495  0.00308985     1.32125    0.955082 -0.00985498   0.0394141   -0.293542
 0.0787201 0.00934675    1.32425   0.957091  0.0251593  0.0289906  -0.287234
0.0821705  0.015423   1.32789  0.957767  0.060517 0.0178622 -0.280536
  0.085403  0.0212704     1.3319   0.957108  0.0953812 0.00737636  -0.273483
  0.0883757   0.0268614     1.33642     0.95513    0.130046 -0.00360964   -0.266085
0.0911043  0.032201   1.34136  0.951857  0.164312 -0.014506 -0.258377
 0.0935441  0.0372177    1.34671   0.947282   0.198283 -0.0256222  -0.250369
 0.0956874  0.0418985    1.35249   0.941411   0.231978 -0.0367169  -0.242041
 0.0975352  0.0462159    1.35858   0.934254   0.265283 -0.0478346  -0.233464
 0.0990789  0.0501653    1.36492   0.925899   0.297971 -0.0588344  -0.224639
 0.0537326 -0.0299146    1.31403    0.91346   -0.17984   0.103077  -0.350176
 0.0587125 -0.0234473    1.31434   0.922381  -0.143877  0.0913946  -0.346641
  0.063546 -0.0170406    1.31527   0.929991  -0.108274  0.0794179  -0.342178
 0.0682284 -0.0107125    1.31681   0.936061 -0.0727234  0.0675247  -0.337551
   0.072738 -0.00448166     1.31894    0.940767  -0.0372689   0.0555902   -0.332382
  0.0770564  0.00160899     1.32156    0.944085 -0.00218809   0.0436954   -0.326788
 0.0811842 0.00755474    1.32467   0.946071  0.0327117  0.0318281  -0.320728
0.0850651 0.0132995   1.32837  0.946743  0.067559 0.0195259 -0.314216
 0.0887152  0.0188523    1.33245   0.946101   0.102011 0.00768986   -0.30729
  0.0920969   0.0241593     1.33703    0.944161    0.136237 -0.00445706   -0.299967
 0.0952073  0.0292106    1.34201    0.94094   0.170078 -0.0166666   -0.29228
 0.0980106  0.0339625    1.34744   0.936412   0.203641 -0.0291946  -0.284271
  0.100501  0.0383896    1.35327   0.930602   0.236923 -0.0415327  -0.275902
  0.102669   0.042487     1.3594   0.923586   0.269569 -0.0538981   -0.26724
  0.104493  0.0462156    1.36588   0.915277   0.302027 -0.0660259  -0.258242
 0.0534566 -0.0296998    1.31397   0.901571  -0.170123   0.113506  -0.381241
0.0588819 -0.023603   1.31433  0.910402 -0.134615  0.100473 -0.378089
 0.0641634 -0.0175655    1.31536   0.917838 -0.0992333   0.087295  -0.374308
 0.0692798 -0.0116099    1.31699   0.923903 -0.0641186  0.0739981  -0.369888
  0.0742242 -0.00574577     1.31916    0.928551   -0.029172    0.060936   -0.365006
   0.0789809 -5.84719e-06      1.32182     0.931838   0.00551466    0.0479715    -0.359649
 0.0835223 0.00557598    1.32504   0.933805  0.0401711  0.0347503  -0.353818
0.0878197 0.0109842   1.32876  0.934472 0.0745765 0.0213337 -0.347483
0.0918542 0.0161929   1.33296  0.933841  0.108585 0.0081014 -0.340712
  0.0956128   0.0211803      1.3376    0.931936    0.142359 -0.00528397   -0.333469
0.0990894 0.0259241   1.34264  0.928762   0.17578 -0.018759 -0.325808
  0.102241  0.0303787    1.34813   0.924291   0.208869 -0.0325116  -0.317808
   0.10506  0.0345567    1.35396   0.918622   0.241325 -0.0462805  -0.309441
  0.107531  0.0383917    1.36016   0.911676   0.273588 -0.0598624  -0.300686
  0.109638  0.0418853    1.36666   0.903491   0.305528 -0.0732323  -0.291536
 0.0531895 -0.0294752    1.31393   0.888513  -0.160284   0.123709  -0.411763
 0.0590362 -0.0237893    1.31434    0.89727  -0.125188   0.109535  -0.408947
 0.0647355 -0.0181553    1.31543   0.904576 -0.0901776  0.0950387  -0.405683
 0.0702684 -0.0125978    1.31714    0.91055 -0.0553598  0.0805473   -0.40168
  0.0756164 -0.00713104      1.3194    0.915139    -0.02087   0.0660806   -0.397137
   0.080768 -0.00177798     1.32211    0.918361   0.0133451   0.0521203   -0.392069
0.0857047 0.0034215   1.32544  0.920324 0.0477361 0.0373383 -0.386434
 0.0903829 0.00846501    1.32919   0.920979  0.0815294   0.022799  -0.380303
  0.094797  0.0133176     1.3334   0.920362   0.114913 0.00843686  -0.373708
  0.0989217   0.0179523     1.33811    0.918472    0.148377 -0.00614496   -0.366546
  0.102785  0.0220842    1.34321   0.915366   0.181352 -0.0212385  -0.358839
  0.106246  0.0262288     1.3487   0.911014   0.213682 -0.0359898  -0.350854
  0.109351  0.0300929    1.35463   0.905377   0.245794 -0.0510637  -0.342449
    0.1121  0.0336669    1.36086   0.898541   0.277466 -0.0658715  -0.333614
  0.114458  0.0368988    1.36739   0.890444   0.308902 -0.0805157  -0.324357
 0.0529649 -0.0294996    1.31384   0.874278  -0.149922    0.13391  -0.441848
 0.0592046 -0.0242466    1.31431   0.882962  -0.115333    0.11845  -0.439371
 0.0652857 -0.0190517    1.31544   0.890094  -0.080834   0.102872  -0.436596
 0.0711996 -0.0139132    1.31725   0.896097 -0.0464964  0.0868915   -0.43278
  0.0769274 -0.00888211     1.31952    0.900564  -0.0125213   0.0714812   -0.428624
  0.0824505 -0.00394636     1.32234    0.903752   0.0212898   0.0559835   -0.423846
  0.0877383 0.000850816     1.32574    0.905689   0.0550304   0.0400673   -0.418441
 0.0927839 0.00548578     1.3295   0.906319  0.0882542  0.0244313  -0.412553
 0.0975519 0.00995522    1.33376   0.905718   0.121338 0.00911516  -0.406041
   0.101997   0.0142245     1.33852    0.903881    0.154062 -0.00709885   -0.399016
  0.106134  0.0182776    1.34366   0.900793    0.18646 -0.0230831  -0.391499
  0.109909  0.0220768    1.34922   0.896482   0.218331 -0.0392011  -0.383556
  0.113307  0.0256399    1.35516    0.89097   0.249715 -0.0556211  -0.375128
  0.116317  0.0289038    1.36145   0.884232   0.280804 -0.0717145  -0.366252
  0.118933  0.0318769      1.368   0.876303   0.311618 -0.0873824  -0.356863
 0.0527319 -0.0292133     1.3138   0.858999  -0.139532   0.143723  -0.471164
 0.0593228 -0.0244361    1.31432   0.867414  -0.105417   0.127214  -0.469357
 0.0657585 -0.0196988    1.31548   0.874502 -0.0715552   0.110462  -0.466824
 0.0720328 -0.0150284     1.3173   0.880311 -0.0377441  0.0932506  -0.463608
  0.0781051  -0.0104401     1.31969    0.884741 -0.00414203   0.0765787    -0.45973
  0.0839691 -0.00595271     1.32252    0.887862   0.0289571   0.0601998   -0.455234
  0.0896021 -0.00158346     1.32598    0.889808     0.06227     0.04266   -0.450049
 0.0949726 0.00262051    1.32978   0.890424  0.0949083  0.0259895  -0.444367
  0.100058 0.00667856    1.33408   0.889841   0.127377 0.00942892  -0.438029
    0.10482   0.0105517     1.33887    0.888041    0.159632 -0.00777061   -0.431093
  0.109236  0.0142193    1.34405   0.885023    0.19127 -0.0252473   -0.42369
  0.113277  0.0176746     1.3497   0.880793   0.222546 -0.0427342  -0.415752
  0.116947  0.0208868    1.35566   0.875376   0.253389 -0.0601709  -0.407298
  0.120202  0.0238406    1.36198    0.86877   0.283852 -0.0773509  -0.398351
  0.123036  0.0265253    1.36857   0.860984   0.313952 -0.0943453  -0.388895
0.0525283 -0.028957   1.31375  0.842529 -0.129118  0.153308  -0.49997
 0.0594351 -0.0246598    1.31428   0.850725   -0.09557   0.135963  -0.498646
 0.0661915 -0.0204074    1.31552   0.857744 -0.0621272   0.117779  -0.496532
 0.0727915 -0.0162099    1.31741   0.863446 -0.0288309  0.0994258  -0.493705
 0.0791776 -0.0120968    1.31981   0.867789 0.00405912  0.0815295  -0.490183
  0.0853554 -0.00807622     1.32271    0.870872   0.0367698   0.0639215   -0.485947
  0.0912869 -0.00417142     1.32617    0.872765   0.0693703   0.0455169   -0.481037
   0.0969605 -0.000406913      1.33003     0.873384     0.101549    0.0275438    -0.475531
  0.102334 0.00321036    1.33434    0.87281   0.133221 0.00967618  -0.469426
   0.107368  0.00667128     1.33918    0.871063    0.164877 -0.00885333   -0.462587
  0.112047 0.00993815    1.34441   0.868113    0.19589 -0.0273051  -0.455259
  0.116351  0.0130129    1.35005   0.863971   0.226527 -0.0459482  -0.447357
  0.120243  0.0158657    1.35607   0.858644    0.25679 -0.0645413  -0.438889
  0.123718  0.0185013    1.36239   0.852186   0.286444 -0.0830294  -0.429925
 0.126749 0.0208766   1.36903  0.844533   0.31595 -0.101135  -0.42037
  0.0536918    0.023482     1.32243     0.99986 -0.00131459   0.0028878   0.0164307